1 2e-06
2 0
3 1e-06
4 0
5 0
6 0
7 0
8 1e-06
9 0
10 1e-06
11 0
12 0
13 2e-06
14 1e-06
15 2e-06
16 0
17 0
18 0
19 0
20 0
21 0
22 1e-06
23 2e-06
24 1e-06
25 1e-06
26 0
27 0
28 1e-06
29 0
30 1e-06
31 0
32 0
33 0
34 1e-06
35 2e-06
36 1e-06
37 1e-06
38 0
39 0
40 1e-06
41 0
42 1e-06
43 0
44 1e-06
45 1e-06
46 1e-06
47 1e-06
48 0
49 0
50 0
51 0
52 1e-06
53 0
54 2e-06
55 1e-06
56 1e-06
57 1e-06
58 0
59 1e-06
60 0
61 0
62 0
63 0
64 2e-06
65 1e-06
66 2e-06
67 1e-06
68 1e-06
69 0
70 0
71 1e-06
72 0
73 1e-06
74 0
75 0
76 2e-06
77 1e-06
78 2e-06
79 0
80 0
81 0
82 0
83 1e-06
84 0
85 1e-06
86 1e-06
87 1e-06
88 1e-06
89 0
90 1e-06
91 0
92 0
93 0
94 0
95 2e-06
96 1e-06
97 1e-06
98 0
99 0
100 1e-06
101 0
102 1e-06
103 0
104 0
105 1e-06
106 1e-06
107 2e-06
108 1e-06
109 2e-06
110 0
111 0
112 0
113 0
114 1e-06
115 0
116 1e-06
117 1e-06
118 1e-06
119 1e-06
120 0
121 1e-06
122 0
123 0
124 0
125 0
126 1e-06
127 1e-06
128 2e-06
129 1e-06
130 0
131 0
132 0
133 1e-06
134 0
135 1e-06
136 0
137 1e-06
138 1e-06
139 1e-06
140 2e-06
141 0
142 1e-06
143 0
144 0
145 0
146 0
147 1e-06
148 0
149 2e-06
150 1e-06
151 1e-06
152 1e-06
153 0
154 1e-06
155 0
156 0
157 0
158 0
159 2e-06
160 1e-06
161 1e-06
162 1e-06
163 1e-06
164 1e-06
165 0
166 0
167 0
168 0
169 1e-06
170 0
171 2e-06
172 1e-06
173 1e-06
174 0
175 0
176 1e-06
177 0
178 0
179 1e-06
180 0
181 1e-06
182 1e-06
183 1e-06
184 2e-06
185 1e-06
186 1e-06
187 0
188 0
189 1e-06
190 0
191 0
192 1e-06
193 0
194 1e-06
195 1e-06
196 1e-06
197 1e-06
198 1e-06
199 1e-06
200 0
201 0
202 0
203 0
204 1e-06
205 0
206 2e-06
207 1e-06
208 2e-06
209 1e-06
210 0
211 0
212 0
213 1e-06
214 0
215 1e-06
216 0
217 0
218 1e-06
219 1e-06
220 2e-06
221 1e-06
222 1e-06
223 2e-06
224 0
225 0
226 0
227 0
228 1e-06
229 0
230 2e-06
231 1e-06
232 1e-06
233 1e-06
234 0
235 0
236 0
237 1e-06
238 0
239 1e-06
240 0
241 0
242 1e-06
243 1e-06
244 2e-06
245 1e-06
246 1e-06
247 0
248 0
249 0
250 0
251 1e-06
252 0
253 2e-06
254 1e-06
255 2e-06
256 1e-06
257 1e-06
258 0
259 0
260 1e-06
261 0
262 1e-06
263 0
264 0
265 1e-06
266 1e-06
267 2e-06
268 1e-06
269 1e-06
270 0
271 1e-06
272 0
273 0
274 0
275 0
276 2e-06
277 1e-06
278 2e-06
279 0
280 1e-06
281 0
282 0
283 0
284 0
285 1e-06
286 1e-06
287 2e-06
288 1e-06
289 1e-06
290 0
291 0
292 0
293 0
294 0
295 1e-06
296 2e-06
297 1e-06
298 2e-06
299 0
300 0
301 0
302 0
303 0
304 0
305 2e-06
306 1e-06
307 2e-06
308 0
309 1e-06
310 0
311 0
312 0
313 0
314 2e-06
315 1e-06
316 2e-06
317 1e-06
318 1e-06
319 0
320 0
321 0
322 0
323 0
324 1e-06
325 2e-06
326 1e-06
327 2e-06
328 0
329 1e-06
330 0
331 0
332 0
333 0
334 0
335 1e-06
336 2e-06
337 1e-06
338 1e-06
339 0
340 1e-06
341 0
342 0
343 0
344 0
345 1e-06
346 1e-06
347 2e-06
348 0
349 1e-06
350 0
351 1e-06
352 0
353 0
354 0
355 1e-06
356 1e-06
357 1e-06
358 0
359 0
360 1e-06
361 0
362 1e-06
363 0
364 1e-06
365 1e-06
366 1e-06
367 1e-06
368 1e-06
369 1e-06
370 0
371 1e-06
372 0
373 1e-06
374 0
375 1e-06
376 0
377 2e-06
378 1e-06
379 0
380 0
381 0
382 0
383 0
384 0
385 1e-06
386 1e-06
387 1e-06
388 2e-06
389 0
390 1e-06
391 0
392 1e-06
393 0
394 1e-06
395 0
396 0
397 1e-06
398 1e-06
399 1e-06
400 1e-06
401 1e-06
402 0
403 1e-06
404 0
405 1e-06
406 0
407 1e-06
408 0
409 2e-06
410 1e-06
411 1e-06
412 0
413 0
414 0
415 0
416 0
417 0
418 2e-06
419 1e-06
420 2e-06
421 1e-06
422 2e-06
423 0
424 1e-06
425 0
426 1e-06
427 0
428 0
429 0
430 1e-06
431 1e-06
432 1e-06
433 1e-06
434 1e-06
435 0
436 0
437 1e-06
438 0
439 1e-06
440 0
441 1e-06
442 0
443 2e-06
444 1e-06
445 2e-06
446 1e-06
447 1e-06
448 0
449 0
450 0
451 0
452 0
453 0
454 2e-06
455 1e-06
456 2e-06
457 1e-06
458 1e-06
459 0
460 1e-06
461 0
462 1e-06
463 0
464 1e-06
465 0
466 1e-06
467 1e-06
468 1e-06
469 1e-06
470 0
471 0
472 0
473 0
474 0
475 1e-06
476 1e-06
477 2e-06
478 1e-06
479 2e-06
480 0
481 1e-06
482 0
483 1e-06
484 0
485 1e-06
486 0
487 1e-06
488 1e-06
489 1e-06
490 1e-06
491 1e-06
492 0
493 0
494 0
495 0
496 1e-06
497 0
498 2e-06
499 1e-06
500 2e-06
501 1e-06
502 1e-06
503 0
504 1e-06
505 0
506 1e-06
507 0
508 1e-06
509 0
510 0
511 1e-06
512 1e-06
513 1e-06
514 0
515 0
516 0
517 0
518 0
519 0
520 1e-06
521 1e-06
522 2e-06
523 1e-06
524 1e-06
525 1e-06
526 1e-06
527 1e-06
528 0
529 1e-06
530 0
531 0
532 1e-06
533 0
534 1e-06
535 0
536 1e-06
537 1e-06
538 1e-06
539 2e-06
540 1e-06
541 0
542 0
543 0
544 1e-06
545 0
546 1e-06
547 0
548 1e-06
549 2e-06
550 1e-06
551 2e-06
552 0
553 0
554 1e-06
555 0
556 1e-06
557 0
558 0
559 0
560 0
561 2e-06
562 1e-06
563 1e-06
564 1e-06
565 0
566 1e-06
567 0
568 1e-06
569 0
570 0
571 1e-06
572 0
573 2e-06
574 1e-06
575 1e-06
576 1e-06
577 1e-06
578 1e-06
579 0
580 1e-06
581 0
582 0
583 0
584 0
585 1e-06
586 0
587 1e-06
588 1e-06
589 1e-06
590 2e-06
591 1e-06
592 0
593 0
594 0
595 1e-06
596 0
597 0
598 0
599 0
600 2e-06
601 1e-06
602 1e-06
603 2e-06
604 1e-06
605 1e-06
606 1e-06
607 0
608 1e-06
609 0
610 0
611 1e-06
612 0
613 1e-06
614 1e-06
615 1e-06
616 2e-06
617 1e-06
618 1e-06
619 1e-06
620 0
621 1e-06
622 0
623 0
624 0
625 0
626 1e-06
627 0
628 1e-06
629 0
630 1e-06
631 2e-06
632 1e-06
633 1e-06
634 0
635 0
636 0
637 0
638 1e-06
639 0
640 1e-06
641 0
642 1e-06
643 2e-06
644 1e-06
645 2e-06
646 0
647 0
648 1e-06
649 0
650 0
651 0
652 1e-06
653 2e-06
654 1e-06
655 1e-06
656 1e-06
657 0
658 1e-06
659 0
660 1e-06
661 0
662 0
663 0
664 1e-06
665 2e-06
666 1e-06
667 1e-06
668 0
669 0
670 1e-06
671 0
672 1e-06
673 0
674 0
675 2e-06
676 1e-06
677 2e-06
678 1e-06
679 0
680 0
681 0
682 1e-06
683 0
684 1e-06
685 0
686 0
687 1e-06
688 0
689 2e-06
690 1e-06
691 1e-06
692 2e-06
693 0
694 1e-06
695 2e-06
696 1e-06
697 1e-06
698 0
699 0
700 1e-06
701 0
702 1e-06
703 0
704 1e-06
705 2e-06
706 0
707 1e-06
708 0
709 0
710 1e-06
711 0
712 2e-06
713 1e-06
714 0
715 1e-06
716 0
717 1e-06
718 0
719 1e-06
720 1e-06
721 0
722 1e-06
723 0
724 0
725 0
726 0
727 1e-06
728 0
729 0
730 1e-06
731 2e-06
732 0
733 0
734 1e-06
735 0
736 1e-06
737 1e-06
738 1e-06
739 1e-06
740 0
741 1e-06
742 0
743 1e-06
744 0
745 1e-06
746 2e-06
747 0
748 1e-06
749 0
750 0
751 0
752 1e-06
753 2e-06
754 0
755 0
756 0
757 0
758 2e-06
759 1e-06
760 2e-06
761 0
762 0
763 1e-06
764 0
765 1e-06
766 0
767 1e-06
768 1e-06
769 0
770 1e-06
771 0
772 0
773 0
774 1e-06
775 2e-06
776 0
777 1e-06
778 0
779 0
780 1e-06
781 0
782 2e-06
783 1e-06
784 0
785 0
786 0
787 1e-06
788 0
789 2e-06
790 1e-06
791 1e-06
792 0
793 0
794 1e-06
795 0
796 0
797 1e-06
798 1e-06
799 2e-06
800 0
801 1e-06
802 0
803 0
804 0
805 1e-06
806 2e-06
807 0
808 1e-06
809 0
810 0
811 1e-06
812 0
813 2e-06
814 1e-06
815 2e-06
816 0
817 0
818 1e-06
819 1e-06
820 0
821 1e-06
822 0
823 1e-06
824 1e-06
825 1e-06
826 1e-06
827 0
828 0
829 0
830 1e-06
831 0
832 2e-06
833 1e-06
834 2e-06
835 0
836 0
837 0
838 0
839 1e-06
840 1e-06
841 2e-06
842 0
843 1e-06
844 0
845 1e-06
846 0
847 0
848 1e-06
849 1e-06
850 1e-06
851 0
852 1e-06
853 0
854 1e-06
855 0
856 2e-06
857 1e-06
858 2e-06
859 0
860 1e-06
861 0
862 0
863 0
864 1e-06
865 2e-06
866 0
867 1e-06
868 0
869 1e-06
870 0
871 1e-06
872 1e-06
873 2e-06
874 0
875 1e-06
876 0
877 0
878 0
879 1e-06
880 2e-06
881 1e-06
882 1e-06
883 0
884 1e-06
885 0
886 1e-06
887 1e-06
888 2e-06
889 1e-06
890 0
891 0
892 0
893 0
894 0
895 2e-06
896 1e-06
897 1e-06
898 0
899 1e-06
900 0
901 1e-06
902 0
903 2e-06
904 1e-06
905 1e-06
906 0
907 0
908 0
909 0
910 1e-06
911 1e-06
912 1e-06
913 0
914 1e-06
915 0
916 1e-06
917 0
918 2e-06
919 1e-06
920 1e-06
921 0
922 0
923 0
924 0
925 1e-06
926 1e-06
927 2e-06
928 0
929 1e-06
930 0
931 0
932 0
933 1e-06
934 2e-06
935 1e-06
936 0
937 1e-06
938 0
939 0
940 0
941 1e-06
942 1e-06
943 0
944 0
945 0
946 0
947 1e-06
948 0
949 1e-06
950 0
951 1e-06
952 1e-06
953 1e-06
954 1e-06
955 0
956 1e-06
957 0
958 0
959 0
960 1e-06
961 2e-06
962 0
963 2e-06
964 1e-06
965 1e-06
966 0
967 1e-06
968 0
969 1e-06
970 0
971 2e-06
972 1e-06
973 2e-06
974 0
975 1e-06
976 1e-06
977 1e-06
978 1e-06
979 1e-06
980 1e-06
981 0
982 0
983 0
984 0
985 0
986 1e-06
987 0
988 0
989 1e-06
990 1e-06
991 1e-06
992 2e-06
993 0
994 0
995 0
996 0
997 0
998 0
999 1e-06
1000 1e-06
1001 1e-06
1002 1e-06
1003 0
1004 0
1005 1e-06
1006 0
1007 1e-06
1008 1e-06
1009 0
1010 0
1011 2e-06
1012 1e-06
1013 2e-06
1014 1e-06
1015 1e-06
1016 1e-06
1017 0
1018 1e-06
1019 0
1020 0
1021 0
1022 1e-06
1023 0
1024 0
1025 1e-06
1026 0
1027 1e-06
1028 0
1029 0
1030 2e-06
1031 1e-06
1032 1e-06
1033 0
1034 0
1035 1e-06
1036 1e-06
1037 1e-06
1038 1e-06
1039 0
1040 0
1041 1e-06
1042 0
1043 0
1044 1e-06
1045 1e-06
1046 0
1047 0
1048 0
1049 0
1050 1e-06
1051 1e-06
1052 1e-06
1053 1e-06
1054 2e-06
1055 1e-06
1056 2e-06
1057 2e-06
1058 0
1059 0
1060 0
1061 0
1062 1e-06
1063 0
1064 0
1065 0
1066 1e-06
1067 1e-06
1068 1e-06
1069 0
1070 0
1071 1e-06
1072 0
1073 0
1074 0
1075 1e-06
1076 1e-06
1077 1e-06
1078 2e-06
1079 1e-06
1080 1e-06
1081 1e-06
1082 1e-06
1083 0
1084 1e-06
1085 1e-06
1086 0
1087 0
1088 1e-06
1089 1e-06
1090 0
1091 0
1092 0
1093 0
1094 0
1095 1e-06
1096 0
1097 1e-06
1098 0
1099 1e-06
1100 0
1101 1e-06
1102 1e-06
1103 0
1104 1e-06
1105 1e-06
1106 1e-06
1107 1e-06
1108 0
1109 0
1110 1e-06
1111 0
1112 1e-06
1113 1e-06
1114 1e-06
1115 1e-06
1116 0
1117 2e-06
1118 2e-06
1119 1e-06
1120 0
1121 0
1122 0
1123 0
1124 0
1125 0
1126 0
1127 1e-06
1128 0
1129 2e-06
1130 1e-06
1131 0
1132 1e-06
1133 0
1134 0
1135 1e-06
1136 0
1137 0
1138 0
1139 0
1140 1e-06
1141 1e-06
1142 1e-06
1143 2e-06
1144 2e-06
1145 1e-06
1146 0
1147 1e-06
1148 2e-06
1149 1e-06
1150 1e-06
1151 2e-06
1152 1e-06
1153 0
1154 1e-06
1155 1e-06
1156 0
1157 0
1158 0
1159 0
1160 0
1161 0
1162 0
1163 1e-06
1164 2e-06
1165 1e-06
1166 0
1167 0
1168 1e-06
1169 0
1170 0
1171 0
1172 1e-06
1173 0
1174 1e-06
1175 0
1176 0
1177 0
1178 1e-06
1179 1e-06
1180 1e-06
1181 0
1182 1e-06
1183 1e-06
1184 1e-06
1185 1e-06
1186 1e-06
1187 2e-06
1188 1e-06
1189 1e-06
1190 1e-06
1191 1e-06
1192 1e-06
1193 1e-06
1194 1e-06
1195 0
1196 0
1197 2e-06
1198 1e-06
1199 1e-06
1200 1e-06
1201 1e-06
1202 1e-06
1203 0
1204 0
1205 0
1206 1e-06
1207 2e-06
1208 2e-06
1209 1e-06
1210 1e-06
1211 2e-06
1212 1e-06
1213 2e-06
1214 1e-06
1215 1e-06
1216 1e-06
1217 1e-06
1218 1e-06
1219 0
1220 1e-06
1221 1e-06
1222 0
1223 1e-06
1224 0
1225 0
1226 1e-06
1227 0
1228 0
1229 0
1230 1e-06
1231 1e-06
1232 0
1233 0
1234 0
1235 0
1236 1e-06
1237 0
1238 1e-06
1239 1e-06
1240 2e-06
1241 1e-06
1242 0
1243 0
1244 0
1245 1e-06
1246 0
1247 0
1248 1e-06
1249 1e-06
1250 1e-06
1251 2e-06
1252 1e-06
1253 0
1254 2e-06
1255 1e-06
1256 1e-06
1257 2e-06
1258 1e-06
1259 2e-06
1260 1e-06
1261 0
1262 0
1263 0
1264 0
1265 1e-06
1266 1e-06
1267 0
1268 0
1269 1e-06
1270 0
1271 0
1272 1e-06
1273 1e-06
1274 2e-06
1275 1e-06
1276 1e-06
1277 0
1278 0
1279 1e-06
1280 0
1281 0
1282 0
1283 0
1284 1e-06
1285 0
1286 2e-06
1287 1e-06
1288 1e-06
1289 1e-06
1290 0
1291 0
1292 0
1293 0
1294 2e-06
1295 1e-06
1296 2e-06
1297 0
1298 1e-06
1299 0
1300 0
1301 1e-06
1302 0
1303 1e-06
1304 0
1305 1e-06
1306 1e-06
1307 1e-06
1308 1e-06
1309 1e-06
1310 1e-06
1311 0
1312 1e-06
1313 0
1314 1e-06
1315 0
1316 1e-06
1317 0
1318 1e-06
1319 0
1320 1e-06
1321 1e-06
1322 1e-06
1323 1e-06
1324 1e-06
1325 1e-06
1326 0
1327 1e-06
1328 0
1329 1e-06
1330 0
1331 1e-06
1332 1e-06
1333 1e-06
1334 1e-06
1335 0
1336 0
1337 0
1338 0
1339 1e-06
1340 1e-06
1341 1e-06
1342 2e-06
1343 1e-06
1344 1e-06
1345 1e-06
1346 0
1347 0
1348 0
1349 0
1350 2e-06
1351 1e-06
1352 2e-06
1353 0
1354 1e-06
1355 0
1356 1e-06
1357 0
1358 2e-06
1359 1e-06
1360 2e-06
1361 0
1362 0
1363 0
1364 0
1365 0
1366 1e-06
1367 1e-06
1368 0
1369 0
1370 0
1371 1e-06
1372 0
1373 2e-06
1374 1e-06
1375 2e-06
1376 0
1377 1e-06
1378 0
1379 0
1380 0
1381 1e-06
1382 1e-06
1383 1e-06
1384 0
1385 0
1386 0
1387 0
1388 1e-06
1389 1e-06
1390 2e-06
1391 0
1392 1e-06
1393 0
1394 1e-06
1395 0
1396 1e-06
1397 1e-06
1398 1e-06
1399 0
1400 0
1401 1e-06
1402 0
1403 1e-06
1404 0
1405 2e-06
1406 1e-06
1407 1e-06
1408 0
1409 1e-06
1410 0
1411 0
1412 0
1413 1e-06
1414 1e-06
1415 1e-06
1416 0
1417 0
1418 0
1419 0
1420 1e-06
1421 0
1422 2e-06
1423 1e-06
1424 2e-06
1425 1e-06
1426 2e-06
1427 0
1428 1e-06
1429 0
1430 0
1431 1e-06
1432 0
1433 0
1434 1e-06
1435 1e-06
1436 1e-06
1437 2e-06
1438 0
1439 1e-06
1440 0
1441 1e-06
1442 0
1443 0
1444 1e-06
1445 1e-06
1446 0
1447 0
1448 0
1449 0
1450 1e-06
1451 1e-06
1452 1e-06
1453 1e-06
1454 0
1455 0
1456 0
1457 0
1458 1e-06
1459 1e-06
1460 1e-06
1461 0
1462 0
1463 0
1464 0
1465 1e-06
1466 0
1467 2e-06
1468 1e-06
1469 0
1470 1e-06
1471 0
1472 1e-06
1473 0
1474 1e-06
1475 1e-06
1476 1e-06
1477 1e-06
1478 0
1479 1e-06
1480 0
1481 0
1482 1e-06
1483 1e-06
1484 2e-06
1485 0
1486 1e-06
1487 0
1488 0
1489 0
1490 1e-06
1491 2e-06
1492 1e-06
1493 1e-06
1494 0
1495 0
1496 0
1497 0
1498 2e-06
1499 1e-06
1500 2e-06
1501 1e-06
1502 0
1503 0
1504 0
1505 1e-06
1506 0
1507 2e-06
1508 1e-06
1509 0
1510 0
1511 0
1512 1e-06
1513 0
1514 2e-06
1515 1e-06
1516 1e-06
1517 1e-06
1518 0
1519 1e-06
1520 0
1521 1e-06
1522 0
1523 1e-06
1524 1e-06
1525 0
1526 1e-06
1527 0
1528 1e-06
1529 0
1530 1e-06
1531 1e-06
1532 0
1533 1e-06
1534 0
1535 1e-06
1536 0
1537 1e-06
1538 1e-06
1539 1e-06
1540 0
1541 0
1542 1e-06
1543 0
1544 1e-06
1545 0
1546 1e-06
1547 1e-06
1548 0
1549 1e-06
1550 0
1551 0
1552 1e-06
1553 1e-06
1554 1e-06
1555 0
1556 1e-06
1557 0
1558 1e-06
1559 0
1560 1e-06
1561 1e-06
1562 0
1563 1e-06
1564 0
1565 1e-06
1566 0
1567 1e-06
1568 1e-06
1569 1e-06
1570 0
1571 0
1572 1e-06
1573 0
1574 1e-06
1575 1e-06
1576 1e-06
1577 0
1578 0
1579 1e-06
1580 0
1581 1e-06
1582 0
1583 1e-06
1584 1e-06
1585 0
1586 1e-06
1587 0
1588 1e-06
1589 0
1590 1e-06
1591 1e-06
1592 1e-06
1593 0
1594 0
1595 1e-06
1596 0
1597 1e-06
1598 1e-06
1599 1e-06
1600 0
1601 0
1602 1e-06
1603 0
1604 1e-06
1605 1e-06
1606 1e-06
1607 1e-06
1608 0
1609 0
1610 0
1611 0
1612 0
1613 2e-06
1614 1e-06
1615 1e-06
1616 0
1617 0
1618 0
1619 0
1620 1e-06
1621 1e-06
1622 1e-06
1623 0
1624 1e-06
1625 0
1626 0
1627 1e-06
1628 1e-06
1629 2e-06
1630 0
1631 1e-06
1632 0
1633 1e-06
1634 0
1635 1e-06
1636 1e-06
1637 0
1638 0
1639 0
1640 0
1641 0
1642 2e-06
1643 1e-06
1644 1e-06
1645 0
1646 1e-06
1647 0
1648 0
1649 1e-06
1650 1e-06
1651 1e-06
1652 0
1653 1e-06
1654 0
1655 1e-06
1656 0
1657 2e-06
1658 1e-06
1659 0
1660 0
1661 0
1662 1e-06
1663 0
1664 2e-06
1665 1e-06
1666 2e-06
1667 0
1668 1e-06
1669 0
1670 0
1671 0
1672 1e-06
1673 1e-06
1674 0
1675 1e-06
1676 0
1677 1e-06
1678 0
1679 2e-06
1680 1e-06
1681 0
1682 0
1683 0
1684 0
1685 0
1686 2e-06
1687 1e-06
1688 1e-06
1689 0
1690 1e-06
1691 0
1692 1e-06
1693 1e-06
1694 1e-06
1695 1e-06
1696 0
1697 0
1698 0
1699 1e-06
1700 0
1701 2e-06
1702 1e-06
1703 2e-06
1704 0
1705 1e-06
1706 0
1707 1e-06
1708 1e-06
1709 1e-06
1710 0
1711 0
1712 0
1713 0
1714 1e-06
1715 0
1716 2e-06
1717 1e-06
1718 1e-06
1719 0
1720 1e-06
1721 0
1722 0
1723 1e-06
1724 1e-06
1725 1e-06
1726 0
1727 1e-06
1728 0
1729 1e-06
1730 0
1731 2e-06
1732 1e-06
1733 1e-06
1734 0
1735 1e-06
1736 0
1737 0
1738 1e-06
1739 1e-06
1740 0
1741 0
1742 0
1743 0
1744 2e-06
1745 1e-06
1746 2e-06
1747 0
1748 1e-06
1749 0
1750 1e-06
1751 1e-06
1752 1e-06
1753 1e-06
1754 0
1755 0
1756 0
1757 0
1758 1e-06
1759 1e-06
1760 1e-06
1761 0
1762 0
1763 1e-06
1764 0
1765 2e-06
1766 1e-06
1767 2e-06
1768 0
1769 1e-06
1770 0
1771 1e-06
1772 0
1773 1e-06
1774 0
1775 0
1776 0
1777 0
1778 1e-06
1779 1e-06
1780 1e-06
1781 0
1782 1e-06
1783 0
1784 1e-06
1785 0
1786 2e-06
1787 1e-06
1788 1e-06
1789 0
1790 1e-06
1791 0
1792 1e-06
1793 0
1794 2e-06
1795 1e-06
1796 0
1797 0
1798 0
1799 0
1800 0
1801 1e-06
1802 1e-06
1803 1e-06
1804 0
1805 1e-06
1806 0
1807 2e-06
1808 1e-06
1809 2e-06
1810 0
1811 1e-06
1812 0
1813 1e-06
1814 0
1815 2e-06
1816 1e-06
1817 0
1818 0
1819 0
1820 0
1821 1e-06
1822 1e-06
1823 1e-06
1824 1e-06
1825 0
1826 1e-06
1827 0
1828 1e-06
1829 1e-06
1830 2e-06
1831 0
1832 1e-06
1833 0
1834 1e-06
1835 0
1836 2e-06
1837 1e-06
1838 1e-06
1839 0
1840 1e-06
1841 0
1842 1e-06
1843 1e-06
1844 2e-06
1845 1e-06
1846 1e-06
1847 0
1848 1e-06
1849 0
1850 1e-06
1851 1e-06
1852 2e-06
1853 0
1854 1e-06
1855 0
1856 1e-06
1857 0
1858 2e-06
1859 1e-06
1860 1e-06
1861 0
1862 1e-06
1863 0
1864 0
1865 1e-06
1866 1e-06
1867 0
1868 0
1869 0
1870 0
1871 0
1872 1e-06
1873 1e-06
1874 0
1875 0
1876 0
1877 0
1878 1e-06
1879 1e-06
1880 0
1881 0
1882 0
1883 0
1884 1e-06
1885 1e-06
1886 1e-06
1887 0
1888 0
1889 0
1890 0
1891 0
1892 1e-06
1893 0
1894 0
1895 0
1896 0
1897 1e-06
1898 1e-06
1899 1e-06
1900 0
1901 0
1902 0
1903 0
1904 1e-06
1905 1e-06
1906 1e-06
1907 0
1908 0
1909 0
1910 0
1911 1e-06
1912 1e-06
1913 0
1914 0
1915 1e-06
1916 0
1917 0
1918 1e-06
1919 1e-06
1920 2e-06
1921 0
1922 0
1923 0
1924 0
1925 2e-06
1926 1e-06
1927 1e-06
1928 0
1929 0
1930 1e-06
1931 0
1932 0
1933 1e-06
1934 1e-06
1935 1e-06
1936 0
1937 1e-06
1938 0
1939 0
1940 2e-06
1941 1e-06
1942 2e-06
1943 0
1944 0
1945 0
1946 0
1947 2e-06
1948 1e-06
1949 2e-06
1950 0
1951 0
1952 1e-06
1953 0
1954 1e-06
1955 0
1956 1e-06
1957 2e-06
1958 1e-06
1959 1e-06
1960 0
1961 0
1962 0
1963 0
1964 2e-06
1965 1e-06
1966 1e-06
1967 0
1968 0
1969 1e-06
1970 0
1971 1e-06
1972 1e-06
1973 1e-06
1974 1e-06
1975 0
1976 1e-06
1977 0
1978 0
1979 0
1980 1e-06
1981 2e-06
1982 0
1983 0
1984 0
1985 0
1986 1e-06
1987 1e-06
1988 2e-06
1989 1e-06
1990 0
1991 0
1992 0
1993 1e-06
1994 0
1995 0
1996 1e-06
1997 1e-06
1998 1e-06
1999 0
2000 1e-06
2001 0
2002 0
2003 1e-06
2004 1e-06
2005 2e-06
2006 1e-06
2007 1e-06
2008 0
2009 0
2010 0
2011 0
2012 2e-06
2013 1e-06
2014 1e-06
2015 0
2016 0
2017 1e-06
2018 0
2019 1e-06
2020 1e-06
2021 1e-06
2022 0
2023 0
2024 1e-06
2025 0
2026 1e-06
2027 1e-06
2028 1e-06
2029 1e-06
2030 0
2031 1e-06
2032 0
2033 1e-06
2034 0
2035 1e-06
2036 1e-06
2037 1e-06
2038 1e-06
2039 0
2040 1e-06
2041 0
2042 0
2043 1e-06
2044 1e-06
2045 2e-06
2046 0
2047 1e-06
2048 0
2049 0
2050 0
2051 0
2052 2e-06
2053 1e-06
2054 2e-06
2055 0
2056 0
2057 0
2058 0
2059 0
2060 1e-06
2061 2e-06
2062 1e-06
2063 1e-06
2064 0
2065 0
2066 0
2067 0
2068 2e-06
2069 1e-06
2070 1e-06
2071 0
2072 0
2073 0
2074 0
2075 1e-06
2076 1e-06
2077 1e-06
2078 0
2079 0
2080 0
2081 0
2082 2e-06
2083 1e-06
2084 2e-06
2085 0
2086 0
2087 0
2088 0
2089 1e-06
2090 1e-06
2091 2e-06
2092 1e-06
2093 1e-06
2094 0
2095 0
2096 0
2097 0
2098 2e-06
2099 1e-06
2100 1e-06
2101 0
2102 0
2103 1e-06
2104 0
2105 1e-06
2106 0
2107 2e-06
2108 1e-06
2109 0
2110 0
2111 0
2112 1e-06
2113 0
2114 1e-06
2115 0
2116 2e-06
2117 1e-06
2118 1e-06
2119 0
2120 0
2121 1e-06
2122 0
2123 1e-06
2124 1e-06
2125 1e-06
2126 1e-06
2127 0
2128 0
2129 1e-06
2130 1e-06
2131 1e-06
2132 0
2133 0
2134 1e-06
2135 0
2136 1e-06
2137 0
2138 1e-06
2139 1e-06
2140 1e-06
2141 1e-06
2142 0
2143 1e-06
2144 0
2145 0
2146 0
2147 1e-06
2148 2e-06
2149 1e-06
2150 1e-06
2151 0
2152 0
2153 0
2154 0
2155 2e-06
2156 1e-06
2157 2e-06
2158 0
2159 0
2160 0
2161 0
2162 1e-06
2163 0
2164 2e-06
2165 1e-06
2166 1e-06
2167 0
2168 0
2169 1e-06
2170 0
2171 1e-06
2172 0
2173 2e-06
2174 1e-06
2175 0
2176 0
2177 0
2178 1e-06
2179 0
2180 1e-06
2181 0
2182 1e-06
2183 1e-06
2184 1e-06
2185 0
2186 0
2187 1e-06
2188 0
2189 1e-06
2190 0
2191 1e-06
2192 1e-06
2193 0
2194 0
2195 0
2196 1e-06
2197 0
2198 2e-06
2199 1e-06
2200 1e-06
2201 0
2202 0
2203 1e-06
2204 0
2205 1e-06
2206 1e-06
2207 2e-06
2208 1e-06
2209 1e-06
2210 0
2211 0
2212 0
2213 0
2214 2e-06
2215 1e-06
2216 2e-06
2217 1e-06
2218 1e-06
2219 0
2220 0
2221 0
2222 0
2223 1e-06
2224 0
2225 2e-06
2226 1e-06
2227 2e-06
2228 0
2229 0
2230 0
2231 0
2232 0
2233 1e-06
2234 2e-06
2235 1e-06
2236 2e-06
2237 0
2238 1e-06
2239 0
2240 1e-06
2241 0
2242 0
2243 1e-06
2244 1e-06
2245 0
2246 0
2247 1e-06
2248 0
2249 1e-06
2250 0
2251 2e-06
2252 1e-06
2253 1e-06
2254 0
2255 0
2256 0
2257 0
2258 1e-06
2259 0
2260 2e-06
2261 1e-06
2262 2e-06
2263 0
2264 1e-06
2265 0
2266 0
2267 0
2268 0
2269 1e-06
2270 1e-06
2271 2e-06
2272 0
2273 1e-06
2274 0
2275 0
2276 0
2277 1e-06
2278 1e-06
2279 1e-06
2280 1e-06
2281 0
2282 1e-06
2283 0
2284 1e-06
2285 0
2286 2e-06
2287 1e-06
2288 0
2289 0
2290 0
2291 0
2292 0
2293 0
2294 1e-06
2295 1e-06
2296 1e-06
2297 2e-06
2298 0
2299 1e-06
2300 0
2301 0
2302 0
2303 0
2304 1e-06
2305 1e-06
2306 2e-06
2307 1e-06
2308 1e-06
2309 0
2310 1e-06
2311 0
2312 1e-06
2313 0
2314 0
2315 1e-06
2316 1e-06
2317 1e-06
2318 1e-06
2319 0
2320 0
2321 1e-06
2322 0
2323 1e-06
2324 0
2325 1e-06
2326 1e-06
2327 1e-06
2328 0
2329 0
2330 0
2331 0
2332 0
2333 0
2334 2e-06
2335 1e-06
2336 2e-06
2337 1e-06
2338 1e-06
2339 0
2340 1e-06
2341 0
2342 1e-06
2343 0
2344 2e-06
2345 1e-06
2346 1e-06
2347 1e-06
2348 0
2349 0
2350 0
2351 1e-06
2352 0
2353 1e-06
2354 1e-06
2355 2e-06
2356 1e-06
2357 1e-06
2358 0
2359 1e-06
2360 0
2361 0
2362 0
2363 1e-06
2364 1e-06
2365 1e-06
2366 1e-06
2367 2e-06
2368 1e-06
2369 0
2370 0
2371 0
2372 1e-06
2373 0
2374 0
2375 1e-06
2376 1e-06
2377 2e-06
2378 1e-06
2379 0
2380 1e-06
2381 0
2382 0
2383 0
2384 0
2385 1e-06
2386 1e-06
2387 2e-06
2388 1e-06
2389 1e-06
2390 1e-06
2391 0
2392 1e-06
2393 0
2394 0
2395 1e-06
2396 1e-06
2397 2e-06
2398 1e-06
2399 0
2400 1e-06
2401 0
2402 1e-06
2403 0
2404 0
2405 2e-06
2406 1e-06
2407 2e-06
2408 1e-06
2409 0
2410 0
2411 0
2412 1e-06
2413 0
2414 0
2415 1e-06
2416 1e-06
2417 2e-06
2418 1e-06
2419 1e-06
2420 0
2421 0
2422 1e-06
2423 0
2424 1e-06
2425 0
2426 1e-06
2427 2e-06
2428 1e-06
2429 1e-06
2430 0
2431 0
2432 0
2433 0
2434 1e-06
2435 0
2436 1e-06
2437 1e-06
2438 1e-06
2439 2e-06
2440 0
2441 1e-06
2442 0
2443 0
2444 0
2445 0
2446 2e-06
2447 1e-06
2448 1e-06
2449 1e-06
2450 0
2451 1e-06
2452 0
2453 1e-06
2454 0
2455 0
2456 2e-06
2457 1e-06
2458 2e-06
2459 1e-06
2460 0
2461 0
2462 0
2463 1e-06
2464 0
2465 1e-06
2466 1e-06
2467 1e-06
2468 1e-06
2469 0
2470 1e-06
2471 0
2472 0
2473 0
2474 1e-06
2475 2e-06
2476 1e-06
2477 1e-06
2478 0
2479 0
2480 0
2481 0
2482 2e-06
2483 1e-06
2484 2e-06
2485 1e-06
2486 1e-06
2487 0
2488 0
2489 1e-06
2490 0
2491 1e-06
2492 0
2493 0
2494 1e-06
2495 1e-06
2496 2e-06
2497 0
2498 0
2499 0
2500 0
2501 1e-06
2502 0
2503 1e-06
2504 1e-06
2505 1e-06
2506 1e-06
2507 0
2508 1e-06
2509 0
2510 0
2511 0
2512 0
2513 2e-06
2514 1e-06
2515 2e-06
2516 1e-06
2517 0
2518 1e-06
2519 0
2520 1e-06
2521 0
2522 0
2523 0
2524 1e-06
2525 2e-06
2526 1e-06
2527 2e-06
2528 0
2529 0
2530 0
2531 0
2532 1e-06
2533 0
2534 1e-06
2535 1e-06
2536 2e-06
2537 1e-06
2538 0
2539 0
2540 0
2541 1e-06
2542 0
2543 1e-06
2544 0
2545 1e-06
2546 1e-06
2547 1e-06
2548 2e-06
2549 0
2550 1e-06
2551 0
2552 0
2553 0
2554 0
2555 2e-06
2556 1e-06
2557 2e-06
2558 1e-06
2559 1e-06
2560 0
2561 0
2562 0
2563 0
2564 1e-06
2565 1e-06
2566 2e-06
2567 1e-06
2568 1e-06
2569 0
2570 0
2571 0
2572 0
2573 1e-06
2574 0
2575 2e-06
2576 1e-06
2577 1e-06
2578 0
2579 0
2580 1e-06
2581 0
2582 1e-06
2583 0
2584 1e-06
2585 1e-06
2586 1e-06
2587 1e-06
2588 0
2589 1e-06
2590 0
2591 1e-06
2592 0
2593 0
2594 0
2595 1e-06
2596 2e-06
2597 1e-06
2598 1e-06
2599 0
2600 0
2601 0
2602 0
2603 1e-06
2604 1e-06
2605 2e-06
2606 1e-06
2607 1e-06
2608 0
2609 0
2610 0
2611 0
2612 0
2613 1e-06
2614 2e-06
2615 1e-06
2616 2e-06
2617 0
2618 0
2619 0
2620 0
2621 1e-06
2622 0
2623 2e-06
2624 1e-06
2625 1e-06
2626 1e-06
2627 0
2628 1e-06
2629 0
2630 1e-06
2631 0
2632 1e-06
2633 0
2634 1e-06
2635 1e-06
2636 1e-06
2637 0
2638 0
2639 1e-06
2640 0
2641 1e-06
2642 0
2643 2e-06
2644 1e-06
2645 0
2646 0
2647 0
2648 1e-06
2649 0
2650 1e-06
2651 0
2652 2e-06
2653 1e-06
2654 1e-06
2655 0
2656 0
2657 0
2658 0
2659 1e-06
2660 0
2661 2e-06
2662 1e-06
2663 2e-06
2664 0
2665 0
2666 0
2667 0
2668 0
2669 0
2670 2e-06
2671 1e-06
2672 2e-06
2673 1e-06
2674 1e-06
2675 0
2676 0
2677 0
2678 0
2679 1e-06
2680 0
2681 1e-06
2682 1e-06
2683 2e-06
2684 1e-06
2685 1e-06
2686 0
2687 0
2688 0
2689 0
2690 1e-06
2691 0
2692 1e-06
2693 1e-06
2694 2e-06
2695 1e-06
2696 1e-06
2697 0
2698 0
2699 0
2700 0
2701 0
2702 1e-06
2703 2e-06
2704 1e-06
2705 1e-06
2706 0
2707 1e-06
2708 0
2709 0
2710 0
2711 0
2712 1e-06
2713 1e-06
2714 1e-06
2715 1e-06
2716 1e-06
2717 0
2718 1e-06
2719 0
2720 1e-06
2721 0
2722 0
2723 1e-06
2724 1e-06
2725 1e-06
2726 1e-06
2727 1e-06
2728 0
2729 1e-06
2730 0
2731 1e-06
2732 0
2733 1e-06
2734 1e-06
2735 2e-06
2736 1e-06
2737 0
2738 0
2739 0
2740 0
2741 0
2742 1e-06
2743 1e-06
2744 2e-06
2745 1e-06
2746 2e-06
2747 0
2748 0
2749 0
2750 0
2751 0
2752 0
2753 1e-06
2754 1e-06
2755 2e-06
2756 0
2757 1e-06
2758 0
2759 1e-06
2760 0
2761 1e-06
2762 0
2763 1e-06
2764 1e-06
2765 1e-06
2766 1e-06
2767 0
2768 0
2769 0
2770 0
2771 0
2772 2e-06
2773 1e-06
2774 2e-06
2775 1e-06
2776 1e-06
2777 0
2778 0
2779 0
2780 0
2781 0
2782 1e-06
2783 1e-06
2784 1e-06
2785 1e-06
2786 0
2787 0
2788 0
2789 1e-06
2790 0
2791 1e-06
2792 0
2793 2e-06
2794 1e-06
2795 2e-06
2796 0
2797 1e-06
2798 0
2799 0
2800 0
2801 0
2802 1e-06
2803 1e-06
2804 1e-06
2805 2e-06
2806 1e-06
2807 0
2808 1e-06
2809 0
2810 1e-06
2811 1e-06
2812 1e-06
2813 1e-06
2814 1e-06
2815 1e-06
2816 0
2817 0
2818 1e-06
2819 0
2820 1e-06
2821 0
2822 1e-06
2823 2e-06
2824 1e-06
2825 0
2826 0
2827 0
2828 1e-06
2829 0
2830 1e-06
2831 0
2832 1e-06
2833 2e-06
2834 1e-06
2835 2e-06
2836 0
2837 0
2838 1e-06
2839 0
2840 1e-06
2841 0
2842 1e-06
2843 2e-06
2844 1e-06
2845 0
2846 0
2847 0
2848 1e-06
2849 0
2850 0
2851 1e-06
2852 1e-06
2853 2e-06
2854 1e-06
2855 1e-06
2856 1e-06
2857 0
2858 1e-06
2859 0
2860 0
2861 1e-06
2862 1e-06
2863 2e-06
2864 1e-06
2865 0
2866 0
2867 0
2868 1e-06
2869 0
2870 0
2871 1e-06
2872 1e-06
2873 2e-06
2874 0
2875 0
2876 0
2877 0
2878 1e-06
2879 0
2880 0
2881 2e-06
2882 1e-06
2883 2e-06
2884 1e-06
2885 1e-06
2886 1e-06
2887 0
2888 1e-06
2889 0
2890 0
2891 0
2892 0
2893 2e-06
2894 1e-06
2895 1e-06
2896 1e-06
2897 0
2898 1e-06
2899 0
2900 0
2901 0
2902 1e-06
2903 2e-06
2904 1e-06
2905 1e-06
2906 0
2907 0
2908 1e-06
2909 0
2910 1e-06
2911 0
2912 0
2913 1e-06
2914 1e-06
2915 1e-06
2916 0
2917 1e-06
2918 0
2919 0
2920 1e-06
2921 0
2922 1e-06
2923 1e-06
2924 1e-06
2925 2e-06
2926 0
2927 1e-06
2928 0
2929 0
2930 0
2931 0
2932 1e-06
2933 1e-06
2934 1e-06
2935 1e-06
2936 1e-06
2937 1e-06
2938 0
2939 1e-06
2940 0
2941 0
2942 1e-06
2943 0
2944 1e-06
2945 1e-06
2946 1e-06
2947 1e-06
2948 0
2949 1e-06
2950 0
2951 0
2952 0
2953 0
2954 2e-06
2955 1e-06
2956 1e-06
2957 1e-06
2958 0
2959 1e-06
2960 0
2961 1e-06
2962 0
2963 0
2964 2e-06
2965 1e-06
2966 2e-06
2967 1e-06
2968 0
2969 1e-06
2970 0
2971 1e-06
2972 0
2973 0
2974 2e-06
2975 1e-06
2976 2e-06
2977 0
2978 0
2979 0
2980 0
2981 1e-06
2982 0
2983 0
2984 1e-06
2985 1e-06
2986 2e-06
2987 0
2988 0
2989 0
2990 0
2991 1e-06
2992 0
2993 2e-06
2994 1e-06
2995 1e-06
2996 1e-06
2997 0
2998 1e-06
2999 0
3000 0
3001 0
3002 0
3003 2e-06
3004 1e-06
3005 1e-06
3006 1e-06
3007 0
3008 0
3009 0
3010 1e-06
3011 0
3012 1e-06
3013 1e-06
3014 1e-06
3015 2e-06
3016 1e-06
3017 1e-06
3018 0
3019 0
3020 0
3021 0
3022 1e-06
3023 0
3024 2e-06
3025 1e-06
3026 1e-06
3027 1e-06
3028 0
3029 1e-06
3030 0
3031 0
3032 0
3033 1e-06
3034 2e-06
3035 1e-06
3036 2e-06
3037 0
3038 0
3039 0
3040 0
3041 1e-06
3042 0
3043 1e-06
3044 0
3045 1e-06
3046 2e-06
3047 1e-06
3048 2e-06
3049 0
3050 0
3051 0
3052 0
3053 1e-06
3054 0
3055 1e-06
3056 0
3057 1e-06
3058 2e-06
3059 1e-06
3060 1e-06
3061 0
3062 0
3063 0
3064 0
3065 1e-06
3066 0
3067 2e-06
3068 1e-06
3069 1e-06
3070 1e-06
3071 0
3072 1e-06
3073 0
3074 0
3075 0
3076 0
3077 2e-06
3078 1e-06
3079 1e-06
3080 1e-06
3081 0
3082 0
3083 0
3084 1e-06
3085 0
3086 0
3087 0
3088 1e-06
3089 2e-06
3090 1e-06
3091 2e-06
3092 1e-06
3093 1e-06
3094 0
3095 0
3096 1e-06
3097 0
3098 1e-06
3099 0
3100 1e-06
3101 2e-06
3102 1e-06
3103 1e-06
3104 0
3105 0
3106 0
3107 0
3108 1e-06
3109 0
3110 2e-06
3111 1e-06
3112 2e-06
3113 0
3114 0
3115 0
3116 0
3117 1e-06
3118 1e-06
3119 2e-06
3120 1e-06
3121 1e-06
3122 0
3123 0
3124 0
3125 1e-06
3126 0
3127 2e-06
3128 1e-06
3129 1e-06
3130 0
3131 0
3132 0
3133 0
3134 0
3135 1e-06
3136 0
3137 2e-06
3138 1e-06
3139 1e-06
3140 1e-06
3141 1e-06
3142 2e-06
3143 0
3144 1e-06
3145 0
3146 0
3147 0
3148 0
3149 0
3150 1e-06
3151 2e-06
3152 1e-06
3153 2e-06
3154 1e-06
3155 0
3156 1e-06
3157 0
3158 1e-06
3159 0
3160 1e-06
3161 0
3162 2e-06
3163 1e-06
3164 1e-06
3165 1e-06
3166 0
3167 1e-06
3168 0
3169 1e-06
3170 0
3171 1e-06
3172 1e-06
3173 1e-06
3174 1e-06
3175 1e-06
3176 0
3177 0
3178 0
3179 0
3180 1e-06
3181 0
3182 2e-06
3183 1e-06
3184 2e-06
3185 1e-06
3186 2e-06
3187 0
3188 0
3189 0
3190 0
3191 0
3192 0
3193 2e-06
3194 1e-06
3195 1e-06
3196 0
3197 0
3198 1e-06
3199 0
3200 1e-06
3201 0
3202 1e-06
3203 1e-06
3204 1e-06
3205 1e-06
3206 0
3207 0
3208 0
3209 0
3210 0
3211 0
3212 1e-06
3213 0
3214 2e-06
3215 1e-06
3216 1e-06
3217 1e-06
3218 1e-06
3219 1e-06
3220 0
3221 0
3222 1e-06
3223 0
3224 0
3225 0
3226 1e-06
3227 1e-06
3228 1e-06
3229 1e-06
3230 1e-06
3231 1e-06
3232 1e-06
3233 0
3234 1e-06
3235 0
3236 1e-06
3237 0
3238 0
3239 0
3240 1e-06
3241 0
3242 1e-06
3243 1e-06
3244 2e-06
3245 1e-06
3246 2e-06
3247 1e-06
3248 2e-06
3249 1e-06
3250 1e-06
3251 0
3252 1e-06
3253 0
3254 1e-06
3255 0
3256 1e-06
3257 0
3258 1e-06
3259 0
3260 0
3261 0
3262 1e-06
3263 2e-06
3264 1e-06
3265 1e-06
3266 1e-06
3267 1e-06
3268 2e-06
3269 1e-06
3270 1e-06
3271 0
3272 0
3273 1e-06
3274 0
3275 0
3276 0
3277 0
3278 1e-06
3279 0
3280 1e-06
3281 0
3282 1e-06
3283 2e-06
3284 1e-06
3285 2e-06
3286 1e-06
3287 1e-06
3288 1e-06
3289 1e-06
3290 1e-06
3291 0
3292 0
3293 0
3294 0
3295 0
3296 0
3297 1e-06
3298 0
3299 1e-06
3300 1e-06
3301 1e-06
3302 2e-06
3303 0
3304 1e-06
3305 0
3306 0
3307 0
3308 0
3309 0
3310 0
3311 1e-06
3312 1e-06
3313 1e-06
3314 1e-06
3315 1e-06
3316 2e-06
3317 1e-06
3318 2e-06
3319 0
3320 0
3321 0
3322 0
3323 1e-06
3324 0
3325 0
3326 0
3327 0
3328 2e-06
3329 1e-06
3330 2e-06
3331 1e-06
3332 1e-06
3333 1e-06
3334 1e-06
3335 2e-06
3336 0
3337 1e-06
3338 0
3339 0
3340 0
3341 0
3342 1e-06
3343 0
3344 1e-06
3345 1e-06
3346 1e-06
3347 2e-06
3348 1e-06
3349 2e-06
3350 1e-06
3351 1e-06
3352 1e-06
3353 0
3354 1e-06
3355 0
3356 0
3357 0
3358 0
3359 0
3360 0
3361 2e-06
3362 1e-06
3363 2e-06
3364 1e-06
3365 1e-06
3366 0
3367 0
3368 1e-06
3369 0
3370 0
3371 0
3372 0
3373 1e-06
3374 0
3375 1e-06
3376 0
3377 1e-06
3378 1e-06
3379 1e-06
3380 2e-06
3381 1e-06
3382 1e-06
3383 0
3384 0
3385 1e-06
3386 0
3387 1e-06
3388 0
3389 0
3390 1e-06
3391 0
3392 2e-06
3393 1e-06
3394 1e-06
3395 1e-06
3396 1e-06
3397 1e-06
3398 0
3399 1e-06
3400 0
3401 0
3402 0
3403 0
3404 0
3405 1e-06
3406 2e-06
3407 1e-06
3408 1e-06
3409 1e-06
3410 1e-06
3411 1e-06
3412 0
3413 1e-06
3414 0
3415 1e-06
3416 0
3417 0
3418 0
3419 0
3420 0
3421 1e-06
3422 2e-06
3423 1e-06
3424 2e-06
3425 1e-06
3426 1e-06
3427 0
3428 0
3429 1e-06
3430 0
3431 1e-06
3432 0
3433 1e-06
3434 0
3435 0
3436 1e-06
3437 1e-06
3438 2e-06
3439 1e-06
3440 2e-06
3441 0
3442 1e-06
3443 0
3444 0
3445 0
3446 0
3447 1e-06
3448 0
3449 1e-06
3450 1e-06
3451 2e-06
3452 1e-06
3453 1e-06
3454 1e-06
3455 0
3456 0
3457 0
3458 1e-06
3459 0
3460 1e-06
3461 0
3462 0
3463 1e-06
3464 1e-06
3465 1e-06
3466 1e-06
3467 2e-06
3468 1e-06
3469 1e-06
3470 0
3471 1e-06
3472 0
3473 0
3474 0
3475 0
3476 0
3477 1e-06
3478 1e-06
3479 1e-06
3480 2e-06
3481 1e-06
3482 2e-06
3483 0
3484 0
3485 0
3486 0
3487 0
3488 0
3489 0
3490 1e-06
3491 2e-06
3492 1e-06
3493 2e-06
3494 1e-06
3495 1e-06
3496 0
3497 0
3498 0
3499 0
3500 1e-06
3501 0
3502 1e-06
3503 0
3504 2e-06
3505 1e-06
3506 1e-06
3507 1e-06
3508 1e-06
3509 0
3510 0
3511 1e-06
3512 0
3513 1e-06
3514 0
3515 1e-06
3516 0
3517 0
3518 0
3519 1e-06
3520 2e-06
3521 1e-06
3522 2e-06
3523 1e-06
3524 1e-06
3525 0
3526 0
3527 0
3528 0
3529 0
3530 0
3531 1e-06
3532 1e-06
3533 2e-06
3534 1e-06
3535 2e-06
3536 0
3537 1e-06
3538 0
3539 1e-06
3540 0
3541 1e-06
3542 0
3543 0
3544 1e-06
3545 1e-06
3546 2e-06
3547 1e-06
3548 2e-06
3549 0
3550 1e-06
3551 0
3552 1e-06
3553 0
3554 0
3555 0
3556 0
3557 1e-06
3558 1e-06
3559 1e-06
3560 1e-06
3561 1e-06
3562 1e-06
3563 2e-06
3564 0
3565 1e-06
3566 0
3567 1e-06
3568 0
3569 1e-06
3570 0
3571 0
3572 0
3573 1e-06
3574 1e-06
3575 1e-06
3576 1e-06
3577 1e-06
3578 1e-06
3579 0
3580 1e-06
3581 0
3582 1e-06
3583 0
3584 1e-06
3585 0
3586 1e-06
3587 0
3588 1e-06
3589 1e-06
3590 1e-06
3591 1e-06
3592 0
3593 1e-06
3594 0
3595 1e-06
3596 0
3597 1e-06
3598 0
3599 1e-06
3600 0
3601 2e-06
3602 1e-06
3603 2e-06
3604 1e-06
3605 0
3606 0
3607 0
3608 0
3609 0
3610 0
3611 0
3612 1e-06
3613 1e-06
3614 1e-06
3615 1e-06
3616 2e-06
3617 1e-06
3618 1e-06
3619 0
3620 1e-06
3621 0
3622 0
3623 0
3624 0
3625 0
3626 1e-06
3627 1e-06
3628 1e-06
3629 2e-06
3630 1e-06
3631 2e-06
3632 0
3633 1e-06
3634 0
3635 1e-06
3636 0
3637 1e-06
3638 0
3639 1e-06
3640 0
3641 0
3642 1e-06
3643 1e-06
3644 1e-06
3645 1e-06
3646 2e-06
3647 0
3648 1e-06
3649 0
3650 1e-06
3651 0
3652 1e-06
3653 0
3654 1e-06
3655 1e-06
3656 1e-06
3657 1e-06
3658 1e-06
3659 1e-06
3660 0
3661 1e-06
3662 0
3663 1e-06
3664 0
3665 1e-06
3666 0
3667 1e-06
3668 0
3669 0
3670 1e-06
3671 1e-06
3672 1e-06
3673 1e-06
3674 0
3675 0
3676 0
3677 0
3678 0
3679 0
3680 0
3681 1e-06
3682 1e-06
3683 1e-06
3684 2e-06
3685 1e-06
3686 1e-06
3687 0
3688 0
3689 0
3690 1e-06
3691 0
3692 1e-06
3693 0
3694 1e-06
3695 0
3696 1e-06
3697 1e-06
3698 2e-06
3699 1e-06
3700 2e-06
3701 1e-06
3702 1e-06
3703 2e-06
3704 1e-06
3705 1e-06
3706 1e-06
3707 0
3708 1e-06
3709 0
3710 0
3711 0
3712 0
3713 1e-06
3714 0
3715 1e-06
3716 0
3717 1e-06
3718 2e-06
3719 2e-06
3720 1e-06
3721 2e-06
3722 1e-06
3723 1e-06
3724 2e-06
3725 0
3726 1e-06
3727 0
3728 0
3729 0
3730 0
3731 1e-06
3732 0
3733 0
3734 0
3735 1e-06
3736 2e-06
3737 1e-06
3738 2e-06
3739 1e-06
3740 1e-06
3741 0
3742 0
3743 1e-06
3744 0
3745 1e-06
3746 0
3747 0
3748 0
3749 1e-06
3750 2e-06
3751 1e-06
3752 1e-06
3753 1e-06
3754 1e-06
3755 2e-06
3756 0
3757 1e-06
3758 0
3759 0
3760 0
3761 0
3762 1e-06
3763 0
3764 1e-06
3765 0
3766 0
3767 1e-06
3768 1e-06
3769 2e-06
3770 1e-06
3771 1e-06
3772 1e-06
3773 0
3774 1e-06
3775 0
3776 1e-06
3777 0
3778 1e-06
3779 0
3780 0
3781 0
3782 0
3783 2e-06
3784 1e-06
3785 2e-06
3786 1e-06
3787 1e-06
3788 1e-06
3789 0
3790 1e-06
3791 0
3792 1e-06
3793 0
3794 0
3795 0
3796 0
3797 1e-06
3798 0
3799 1e-06
3800 1e-06
3801 1e-06
3802 1e-06
3803 1e-06
3804 2e-06
3805 1e-06
3806 1e-06
3807 0
3808 0
3809 0
3810 0
3811 1e-06
3812 0
3813 1e-06
3814 0
3815 0
3816 0
3817 1e-06
3818 1e-06
3819 1e-06
3820 2e-06
3821 1e-06
3822 1e-06
3823 1e-06
3824 1e-06
3825 1e-06
3826 1e-06
3827 1e-06
3828 0
3829 1e-06
3830 0
3831 0
3832 0
3833 0
3834 1e-06
3835 0
3836 2e-06
3837 1e-06
3838 1e-06
3839 1e-06
3840 1e-06
3841 1e-06
3842 0
3843 1e-06
3844 0
3845 0
3846 0
3847 0
3848 0
3849 0
3850 2e-06
3851 1e-06
3852 2e-06
3853 1e-06
3854 1e-06
3855 1e-06
3856 0
3857 0
3858 0
3859 1e-06
3860 0
3861 1e-06
3862 0
3863 1e-06
3864 0
3865 0
3866 1e-06
3867 1e-06
3868 2e-06
3869 1e-06
3870 2e-06
3871 1e-06
3872 2e-06
3873 0
3874 0
3875 1e-06
3876 0
3877 1e-06
3878 0
3879 1e-06
3880 0
3881 0
3882 1e-06
3883 1e-06
3884 2e-06
3885 1e-06
3886 1e-06
3887 1e-06
3888 1e-06
3889 1e-06
3890 1e-06
3891 2e-06
3892 1e-06
3893 1e-06
3894 0
3895 1e-06
3896 0
3897 0
3898 0
3899 0
3900 0
3901 0
3902 2e-06
3903 1e-06
3904 2e-06
3905 1e-06
3906 2e-06
3907 1e-06
3908 1e-06
3909 0
3910 0
3911 1e-06
3912 0
3913 1e-06
3914 0
3915 1e-06
3916 0
3917 0
3918 2e-06
3919 1e-06
3920 2e-06
3921 1e-06
3922 2e-06
3923 1e-06
3924 1e-06
3925 0
3926 0
3927 0
3928 0
3929 1e-06
3930 0
3931 1e-06
3932 0
3933 1e-06
3934 0
3935 1e-06
3936 1e-06
3937 1e-06
3938 1e-06
3939 1e-06
3940 2e-06
3941 1e-06
3942 2e-06
3943 1e-06
3944 1e-06
3945 0
3946 0
3947 0
3948 0
3949 1e-06
3950 0
3951 1e-06
3952 0
3953 0
3954 1e-06
3955 0
3956 2e-06
3957 1e-06
3958 2e-06
3959 1e-06
3960 2e-06
3961 1e-06
3962 1e-06
3963 0
3964 0
3965 0
3966 1e-06
3967 0
3968 1e-06
3969 0
3970 1e-06
3971 0
3972 1e-06
3973 1e-06
3974 1e-06
3975 1e-06
3976 1e-06
3977 2e-06
3978 1e-06
3979 2e-06
3980 0
3981 1e-06
3982 0
3983 0
3984 0
3985 0
3986 0
3987 0
3988 2e-06
3989 1e-06
3990 2e-06
3991 1e-06
3992 2e-06
3993 1e-06
3994 2e-06
3995 0
3996 0
3997 0
3998 0
3999 0
4000 0
4001 1e-06
4002 1e-06
4003 2e-06
4004 0
4005 1e-06
4006 1e-06
4007 1e-06
4008 1e-06
4009 1e-06
4010 1e-06
4011 0
4012 0
4013 0
4014 0
4015 0
4016 0
4017 0
4018 2e-06
4019 1e-06
4020 2e-06
4021 1e-06
4022 1e-06
4023 1e-06
4024 1e-06
4025 1e-06
4026 0
4027 0
4028 0
4029 0
4030 0
4031 0
4032 0
4033 1e-06
4034 0
4035 1e-06
4036 1e-06
4037 2e-06
4038 1e-06
4039 2e-06
4040 1e-06
4041 1e-06
4042 0
4043 0
4044 0
4045 0
4046 0
4047 0
4048 0
4049 0
4050 2e-06
4051 1e-06
4052 2e-06
4053 1e-06
4054 2e-06
4055 1e-06
4056 1e-06
4057 0
4058 1e-06
4059 0
4060 1e-06
4061 0
4062 1e-06
4063 0
4064 0
4065 1e-06
4066 1e-06
4067 1e-06
4068 1e-06
4069 1e-06
4070 1e-06
4071 2e-06
4072 0
4073 1e-06
4074 0
4075 1e-06
4076 0
4077 1e-06
4078 0
4079 1e-06
4080 0
4081 2e-06
4082 1e-06
4083 2e-06
4084 1e-06
4085 2e-06
4086 1e-06
4087 1e-06
4088 0
4089 1e-06
4090 0
4091 1e-06
4092 0
4093 0
4094 0
4095 0
4096 0
4097 0
4098 1e-06
4099 1e-06
4100 1e-06
4101 1e-06
4102 1e-06
4103 1e-06
4104 1e-06
4105 0
4106 1e-06
4107 0
4108 1e-06
4109 0
4110 1e-06
4111 0
4112 1e-06
4113 0
4114 2e-06
4115 1e-06
4116 2e-06
4117 1e-06
4118 2e-06
4119 0
4120 1e-06
4121 0
4122 1e-06
4123 0
4124 0
4125 0
4126 0
4127 0
4128 1e-06
4129 1e-06
4130 1e-06
4131 1e-06
4132 1e-06
4133 1e-06
4134 1e-06
4135 0
4136 0
4137 0
4138 0
4139 0
4140 0
4141 1e-06
4142 0
4143 2e-06
4144 1e-06
4145 1e-06
4146 2e-06
4147 1e-06
4148 1e-06
4149 2e-06
4150 1e-06
4151 2e-06
4152 1e-06
4153 1e-06
4154 1e-06
4155 0
4156 1e-06
4157 0
4158 0
4159 0
4160 0
4161 1e-06
4162 0
4163 0
4164 1e-06
4165 1e-06
4166 2e-06
4167 1e-06
4168 1e-06
4169 1e-06
4170 1e-06
4171 1e-06
4172 0
4173 1e-06
4174 0
4175 0
4176 1e-06
4177 0
4178 1e-06
4179 0
4180 0
4181 0
4182 1e-06
4183 2e-06
4184 1e-06
4185 2e-06
4186 1e-06
4187 1e-06
4188 0
4189 0
4190 1e-06
4191 0
4192 1e-06
4193 0
4194 0
4195 0
4196 0
4197 2e-06
4198 1e-06
4199 1e-06
4200 1e-06
4201 1e-06
4202 2e-06
4203 1e-06
4204 1e-06
4205 0
4206 0
4207 0
4208 0
4209 1e-06
4210 0
4211 1e-06
4212 0
4213 1e-06
4214 1e-06
4215 1e-06
4216 1e-06
4217 1e-06
4218 2e-06
4219 1e-06
4220 1e-06
4221 0
4222 0
4223 1e-06
4224 0
4225 1e-06
4226 0
4227 0
4228 0
4229 1e-06
4230 1e-06
4231 1e-06
4232 2e-06
4233 1e-06
4234 1e-06
4235 1e-06
4236 0
4237 0
4238 0
4239 1e-06
4240 0
4241 1e-06
4242 0
4243 0
4244 1e-06
4245 0
4246 2e-06
4247 1e-06
4248 1e-06
4249 1e-06
4250 1e-06
4251 1e-06
4252 0
4253 1e-06
4254 0
4255 1e-06
4256 0
4257 0
4258 0
4259 0
4260 2e-06
4261 1e-06
4262 2e-06
4263 1e-06
4264 1e-06
4265 1e-06
4266 0
4267 1e-06
4268 0
4269 1e-06
4270 0
4271 0
4272 0
4273 0
4274 1e-06
4275 1e-06
4276 2e-06
4277 1e-06
4278 1e-06
4279 1e-06
4280 1e-06
4281 1e-06
4282 0
4283 1e-06
4284 0
4285 1e-06
4286 0
4287 0
4288 0
4289 0
4290 1e-06
4291 1e-06
4292 2e-06
4293 1e-06
4294 1e-06
4295 0
4296 0
4297 1e-06
4298 0
4299 1e-06
4300 0
4301 0
4302 0
4303 0
4304 1e-06
4305 1e-06
4306 2e-06
4307 1e-06
4308 2e-06
4309 1e-06
4310 0
4311 0
4312 0
4313 1e-06
4314 0
4315 1e-06
4316 0
4317 0
4318 0
4319 1e-06
4320 1e-06
4321 1e-06
4322 2e-06
4323 1e-06
4324 1e-06
4325 0
4326 0
4327 0
4328 0
4329 0
4330 0
4331 0
4332 1e-06
4333 2e-06
4334 1e-06
4335 2e-06
4336 1e-06
4337 1e-06
4338 0
4339 0
4340 0
4341 0
4342 0
4343 0
4344 2e-06
4345 1e-06
4346 2e-06
4347 1e-06
4348 1e-06
4349 1e-06
4350 0
4351 0
4352 0
4353 1e-06
4354 0
4355 1e-06
4356 0
4357 1e-06
4358 0
4359 2e-06
4360 1e-06
4361 1e-06
4362 1e-06
4363 0
4364 0
4365 0
4366 1e-06
4367 0
4368 1e-06
4369 0
4370 1e-06
4371 1e-06
4372 1e-06
4373 1e-06
4374 1e-06
4375 1e-06
4376 0
4377 1e-06
4378 0
4379 1e-06
4380 0
4381 1e-06
4382 0
4383 1e-06
4384 0
4385 2e-06
4386 1e-06
4387 1e-06
4388 1e-06
4389 0
4390 0
4391 0
4392 0
4393 0
4394 1e-06
4395 0
4396 2e-06
4397 1e-06
4398 2e-06
4399 1e-06
4400 2e-06
4401 1e-06
4402 1e-06
4403 0
4404 1e-06
4405 0
4406 0
4407 0
4408 0
4409 0
4410 1e-06
4411 1e-06
4412 1e-06
4413 1e-06
4414 0
4415 0
4416 0
4417 1e-06
4418 0
4419 1e-06
4420 0
4421 1e-06
4422 1e-06
4423 2e-06
4424 1e-06
4425 1e-06
4426 1e-06
4427 0
4428 0
4429 0
4430 0
4431 0
4432 0
4433 1e-06
4434 1e-06
4435 1e-06
4436 2e-06
4437 1e-06
4438 2e-06
4439 0
4440 1e-06
4441 0
4442 1e-06
4443 0
4444 1e-06
4445 0
4446 1e-06
4447 1e-06
4448 1e-06
4449 1e-06
4450 1e-06
4451 1e-06
4452 0
4453 0
4454 0
4455 0
4456 0
4457 0
4458 0
4459 2e-06
4460 1e-06
4461 2e-06
4462 1e-06
4463 2e-06
4464 0
4465 1e-06
4466 0
4467 1e-06
4468 0
4469 0
4470 0
4471 0
4472 1e-06
4473 1e-06
4474 1e-06
4475 1e-06
4476 0
4477 0
4478 0
4479 0
4480 0
4481 0
4482 2e-06
4483 1e-06
4484 2e-06
4485 1e-06
4486 2e-06
4487 0
4488 1e-06
4489 0
4490 1e-06
4491 0
4492 1e-06
4493 0
4494 1e-06
4495 0
4496 1e-06
4497 1e-06
4498 1e-06
4499 1e-06
4500 1e-06
4501 0
4502 0
4503 0
4504 0
4505 0
4506 0
4507 0
4508 1e-06
4509 1e-06
4510 1e-06
4511 1e-06
4512 1e-06
4513 0
4514 0
4515 0
4516 0
4517 0
4518 0
4519 2e-06
4520 1e-06
4521 2e-06
4522 1e-06
4523 2e-06
4524 1e-06
4525 1e-06
4526 0
4527 1e-06
4528 0
4529 1e-06
4530 0
4531 1e-06
4532 0
4533 1e-06
4534 1e-06
4535 2e-06
4536 1e-06
4537 1e-06
4538 1e-06
4539 0
4540 0
4541 0
4542 0
4543 0
4544 0
4545 0
4546 1e-06
4547 1e-06
4548 1e-06
4549 1e-06
4550 1e-06
4551 0
4552 0
4553 0
4554 0
4555 0
4556 0
4557 0
4558 1e-06
4559 1e-06
4560 1e-06
4561 1e-06
4562 1e-06
4563 1e-06
4564 1e-06
4565 0
4566 0
4567 0
4568 1e-06
4569 0
4570 1e-06
4571 0
4572 1e-06
4573 0
4574 1e-06
4575 1e-06
4576 2e-06
4577 1e-06
4578 2e-06
4579 0
4580 1e-06
4581 0
4582 0
4583 0
4584 1e-06
4585 0
4586 1e-06
4587 0
4588 0
4589 1e-06
4590 1e-06
4591 2e-06
4592 1e-06
4593 1e-06
4594 1e-06
4595 1e-06
4596 1e-06
4597 0
4598 1e-06
4599 0
4600 0
4601 0
4602 0
4603 1e-06
4604 0
4605 1e-06
4606 1e-06
4607 1e-06
4608 2e-06
4609 1e-06
4610 2e-06
4611 0
4612 0
4613 0
4614 0
4615 1e-06
4616 0
4617 1e-06
4618 0
4619 0
4620 1e-06
4621 1e-06
4622 2e-06
4623 1e-06
4624 0
4625 0
4626 0
4627 1e-06
4628 0
4629 1e-06
4630 0
4631 0
4632 0
4633 1e-06
4634 2e-06
4635 1e-06
4636 2e-06
4637 1e-06
4638 2e-06
4639 0
4640 0
4641 0
4642 0
4643 1e-06
4644 0
4645 0
4646 0
4647 1e-06
4648 2e-06
4649 1e-06
4650 2e-06
4651 1e-06
4652 1e-06
4653 0
4654 0
4655 1e-06
4656 0
4657 1e-06
4658 0
4659 0
4660 0
4661 0
4662 2e-06
4663 1e-06
4664 2e-06
4665 1e-06
4666 1e-06
4667 1e-06
4668 0
4669 1e-06
4670 0
4671 1e-06
4672 0
4673 0
4674 0
4675 0
4676 2e-06
4677 1e-06
4678 2e-06
4679 1e-06
4680 1e-06
4681 1e-06
4682 0
4683 1e-06
4684 0
4685 1e-06
4686 0
4687 1e-06
4688 0
4689 0
4690 0
4691 0
4692 2e-06
4693 1e-06
4694 2e-06
4695 1e-06
4696 0
4697 0
4698 0
4699 0
4700 0
4701 1e-06
4702 0
4703 1e-06
4704 0
4705 1e-06
4706 1e-06
4707 1e-06
4708 2e-06
4709 1e-06
4710 2e-06
4711 1e-06
4712 1e-06
4713 1e-06
4714 1e-06
4715 2e-06
4716 1e-06
4717 0
4718 0
4719 0
4720 0
4721 1e-06
4722 0
4723 0
4724 0
4725 0
4726 1e-06
4727 0
4728 1e-06
4729 1e-06
4730 1e-06
4731 2e-06
4732 1e-06
4733 2e-06
4734 1e-06
4735 2e-06
4736 0
4737 0
4738 0
4739 0
4740 1e-06
4741 0
4742 1e-06
4743 0
4744 0
4745 0
4746 0
4747 2e-06
4748 1e-06
4749 1e-06
4750 1e-06
4751 1e-06
4752 2e-06
4753 0
4754 1e-06
4755 0
4756 0
4757 0
4758 0
4759 1e-06
4760 0
4761 1e-06
4762 0
4763 1e-06
4764 0
4765 0
4766 2e-06
4767 1e-06
4768 2e-06
4769 1e-06
4770 1e-06
4771 1e-06
4772 1e-06
4773 2e-06
4774 1e-06
4775 2e-06
4776 1e-06
4777 0
4778 0
4779 0
4780 1e-06
4781 0
4782 1e-06
4783 0
4784 0
4785 1e-06
4786 0
4787 0
4788 0
4789 0
4790 1e-06
4791 0
4792 0
4793 0
4794 0
4795 2e-06
4796 0
4797 1e-06
4798 1e-06
4799 0
4800 1e-06
4801 0
4802 0
4803 1e-06
4804 0
4805 2e-06
4806 1e-06
4807 1e-06
4808 1e-06
4809 1e-06
4810 1e-06
4811 1e-06
4812 2e-06
4813 0
4814 1e-06
4815 0
4816 1e-06
4817 0
4818 0
4819 0
4820 0
4821 2e-06
4822 0
4823 2e-06
4824 1e-06
4825 1e-06
4826 1e-06
4827 0
4828 1e-06
4829 0
4830 0
4831 1e-06
4832 0
4833 0
4834 0
4835 0
4836 1e-06
4837 1e-06
4838 1e-06
4839 1e-06
4840 1e-06
4841 1e-06
4842 0
4843 2e-06
4844 1e-06
4845 1e-06
4846 1e-06
4847 1e-06
4848 2e-06
4849 0
4850 1e-06
4851 0
4852 1e-06
4853 0
4854 0
4855 0
4856 0
4857 1e-06
4858 0
4859 1e-06
4860 0
4861 2e-06
4862 1e-06
4863 1e-06
4864 1e-06
4865 1e-06
4866 2e-06
4867 1e-06
4868 2e-06
4869 1e-06
4870 0
4871 0
4872 0
4873 0
4874 0
4875 0
4876 1e-06
4877 1e-06
4878 1e-06
4879 1e-06
4880 1e-06
4881 2e-06
4882 0
4883 1e-06
4884 0
4885 1e-06
4886 0
4887 1e-06
4888 0
4889 0
4890 0
4891 0
4892 1e-06
4893 1e-06
4894 2e-06
4895 1e-06
4896 2e-06
4897 1e-06
4898 2e-06
4899 0
4900 1e-06
4901 0
4902 0
4903 0
4904 0
4905 0
4906 0
4907 1e-06
4908 1e-06
4909 1e-06
4910 1e-06
4911 1e-06
4912 1e-06
4913 2e-06
4914 0
4915 0
4916 0
4917 0
4918 0
4919 1.5e-05
4920 2e-06
4921 0
4922 1e-06
4923 0
4924 0
4925 0
4926 1e-06
4927 1e-06
4928 2e-06
4929 1e-06
4930 1e-06
4931 0
4932 0
4933 0
4934 0
4935 0
4936 1e-06
4937 1e-06
4938 0
4939 0
4940 0
4941 1e-06
4942 0
4943 1e-06
4944 2e-06
4945 1e-06
4946 1e-06
4947 0
4948 0
4949 0
4950 0
4951 0
4952 1e-06
4953 1e-06
4954 0
4955 0
4956 0
4957 1e-06
4958 0
4959 1e-06
4960 1e-06
4961 2e-06
4962 1e-06
4963 1e-06
4964 0
4965 1e-06
4966 0
4967 1e-06
4968 0
4969 1e-06
4970 1e-06
4971 2e-06
4972 0
4973 1e-06
4974 0
4975 1e-06
4976 0
4977 0
4978 1e-06
4979 1e-06
4980 1e-06
4981 0
4982 0
4983 0
4984 0
4985 0
4986 2e-06
4987 1e-06
4988 1e-06
4989 0
4990 1e-06
4991 0
4992 0
4993 1e-06
4994 1e-06
4995 1e-06
4996 0
4997 1e-06
4998 0
4999 1e-06
5000 0
5001 1e-06
5002 1e-06
5003 2e-06
5004 1e-06
5005 0
5006 0
5007 0
5008 0
5009 0
5010 1e-06
5011 1e-06
5012 1e-06
5013 1e-06
5014 0
5015 0
5016 1e-06
5017 0
5018 1e-06
5019 1e-06
5020 2e-06
5021 1e-06
5022 1e-06
5023 0
5024 1e-06
5025 0
5026 1e-06
5027 0
5028 1e-06
5029 1e-06
5030 1e-06
5031 2e-06
5032 1e-06
5033 1e-06
5034 0
5035 0
5036 0
5037 0
5038 2e-06
5039 1e-06
5040 1e-06
5041 2e-06
5042 0
5043 1e-06
5044 0
5045 0
5046 1e-06
5047 0
5048 2e-06
5049 1e-06
5050 1e-06
5051 0
5052 1e-06
5053 0
5054 1e-06
5055 0
5056 0
5057 0
5058 1e-06
5059 2e-06
5060 0
5061 1e-06
5062 0
5063 1e-06
5064 1e-06
5065 0
5066 0
5067 0
5068 1e-06
5069 1e-06
5070 1e-06
5071 0
5072 1e-06
5073 0
5074 1e-06
5075 1e-06
5076 0
5077 0
5078 0
5079 2e-06
5080 1e-06
5081 1e-06
5082 0
5083 1e-06
5084 0
5085 1e-06
5086 0
5087 0
5088 0
5089 0
5090 2e-06
5091 0
5092 1e-06
5093 0
5094 1e-06
5095 1e-06
5096 0
5097 0
5098 0
5099 1e-06
5100 1e-06
5101 0
5102 0
5103 1e-06
5104 0
5105 2e-06
5106 0
5107 1e-06
5108 0
5109 1e-06
5110 1e-06
5111 1e-06
5112 0
5113 0
5114 0
5115 1e-06
5116 0
5117 0
5118 1e-06
5119 0
5120 2e-06
5121 1e-06
5122 1e-06
5123 0
5124 1e-06
5125 1e-06
5126 1e-06
5127 0
5128 0
5129 0
5130 0
5131 1e-06
5132 0
5133 0
5134 0
5135 1e-06
5136 1e-06
5137 1e-06
5138 0
5139 1e-06
5140 0
5141 2e-06
5142 0
5143 1e-06
5144 0
5145 1e-06
5146 1e-06
5147 1e-06
5148 0
5149 0
5150 0
5151 1e-06
5152 1e-06
5153 0
5154 0
5155 0
5156 1e-06
5157 1e-06
5158 1e-06
5159 0
5160 1e-06
5161 0
5162 2e-06
5163 0
5164 1e-06
5165 0
5166 0
5167 1e-06
5168 0
5169 0
5170 0
5171 1e-06
5172 1e-06
5173 0
5174 0
5175 1e-06
5176 0
5177 2e-06
5178 0
5179 1e-06
5180 0
5181 1e-06
5182 1e-06
5183 2e-06
5184 0
5185 1e-06
5186 0
5187 2e-06
5188 1e-06
5189 1e-06
5190 0
5191 1e-06
5192 1e-06
5193 1e-06
5194 0
5195 0
5196 0
5197 1e-06
5198 1e-06
5199 0
5200 0
5201 0
5202 1e-06
5203 1e-06
5204 0
5205 0
5206 0
5207 1e-06
5208 1e-06
5209 1e-06
5210 0
5211 0
5212 1e-06
5213 1e-06
5214 0
5215 1e-06
5216 0
5217 2e-06
5218 0
5219 1e-06
5220 1e-06
5221 2e-06
5222 0
5223 1e-06
5224 1e-06
5225 1e-06
5226 0
5227 0
5228 1e-06
5229 1e-06
5230 1e-06
5231 0
5232 2e-06
5233 1e-06
5234 1e-06
5235 0
5236 1e-06
5237 0
5238 0
5239 0
5240 1e-06
5241 0
5242 0
5243 1e-06
5244 1e-06
5245 1e-06
5246 0
5247 1e-06
5248 1e-06
5249 1e-06
5250 0
5251 0
5252 1e-06
5253 0
5254 0
5255 0
5256 2e-06
5257 0
5258 1e-06
5259 0
5260 2e-06
5261 0
5262 0
5263 1e-06
5264 1e-06
5265 0
5266 0
5267 1e-06
5268 1e-06
5269 1e-06
5270 0
5271 1e-06
5272 1e-06
5273 0
5274 0
5275 1e-06
5276 1e-06
5277 0
5278 1e-06
5279 1e-06
5280 1e-06
5281 0
5282 0
5283 1e-06
5284 0
5285 0
5286 0
5287 2e-06
5288 0
5289 1e-06
5290 0
5291 1e-06
5292 0
5293 0
5294 1e-06
5295 1e-06
5296 1e-06
5297 0
5298 2e-06
5299 0
5300 1e-06
5301 0
5302 1e-06
5303 0
5304 0
5305 0
5306 1e-06
5307 1e-06
5308 0
5309 1e-06
5310 1e-06
5311 0
5312 0
5313 0
5314 1e-06
5315 0
5316 1e-06
5317 1e-06
5318 0
5319 0
5320 0
5321 1e-06
5322 0
5323 1e-06
5324 0
5325 2e-06
5326 0
5327 0
5328 1e-06
5329 1e-06
5330 0
5331 0
5332 2e-06
5333 0
5334 1e-06
5335 0
5336 1e-06
5337 0
5338 0
5339 2e-06
5340 1e-06
5341 1e-06
5342 0
5343 0
5344 1e-06
5345 0
5346 0
5347 1e-06
5348 1e-06
5349 0
5350 1e-06
5351 1e-06
5352 0
5353 0
5354 0
5355 2e-06
5356 0
5357 1e-06
5358 0
5359 1e-06
5360 0
5361 0
5362 2e-06
5363 0
5364 1e-06
5365 0
5366 1e-06
5367 0
5368 0
5369 0
5370 0
5371 1e-06
5372 0
5373 2e-06
5374 0
5375 0
5376 0
5377 1e-06
5378 1e-06
5379 0
5380 0
5381 0
5382 0
5383 0
5384 1e-06
5385 1e-06
5386 0
5387 2e-06
5388 1e-06
5389 0
5390 0
5391 1e-06
5392 2e-06
5393 0
5394 1e-06
5395 1e-06
5396 0
5397 0
5398 0
5399 2e-06
5400 0
5401 1e-06
5402 0
5403 1e-06
5404 0
5405 0
5406 2e-06
5407 0
5408 1e-06
5409 0
5410 1e-06
5411 0
5412 0
5413 1e-06
5414 1e-06
5415 1e-06
5416 0
5417 0
5418 0
5419 0
5420 1e-06
5421 1e-06
5422 1e-06
5423 0
5424 0
5425 1e-06
5426 0
5427 0
5428 1e-06
5429 2e-06
5430 0
5431 1e-06
5432 1e-06
5433 0
5434 0
5435 0
5436 2e-06
5437 0
5438 0
5439 0
5440 0
5441 0
5442 0
5443 2e-06
5444 0
5445 0
5446 1e-06
5447 0
5448 0
5449 0
5450 2e-06
5451 0
5452 0
5453 1e-06
5454 0
5455 0
5456 0
5457 2e-06
5458 0
5459 0
5460 1e-06
5461 1e-06
5462 1e-06
5463 0
5464 2e-06
5465 0
5466 0
5467 0
5468 1e-06
5469 1e-06
5470 0
5471 1e-06
5472 1e-06
5473 0
5474 0
5475 0
5476 2e-06
5477 0
5478 1e-06
5479 1e-06
5480 1e-06
5481 0
5482 0
5483 2e-06
5484 0
5485 0
5486 0
5487 1e-06
5488 1e-06
5489 0
5490 0
5491 0
5492 1e-06
5493 0
5494 0
5495 1e-06
5496 1e-06
5497 0
5498 0
5499 0
5500 1e-06
5501 0
5502 0
5503 1e-06
5504 2e-06
5505 0
5506 1e-06
5507 0
5508 2e-06
5509 0
5510 1e-06
5511 0
5512 2e-06
5513 0
5514 1e-06
5515 0
5516 1e-06
5517 0
5518 0
5519 0
5520 1e-06
5521 0
5522 0
5523 0
5524 1e-06
5525 1e-06
5526 0
5527 0
5528 0
5529 1e-06
5530 1e-06
5531 1e-06
5532 0
5533 1e-06
5534 0
5535 1e-06
5536 1e-06
5537 2e-06
5538 0
5539 0
5540 1e-06
5541 1e-06
5542 2e-06
5543 0
5544 1e-06
5545 0
5546 2e-06
5547 0
5548 1e-06
5549 2e-06
5550 1e-06
5551 0
5552 0
5553 0
5554 1e-06
5555 0
5556 0
5557 1e-06
5558 0
5559 1e-06
5560 2e-06
5561 0
5562 2e-06
5563 1e-06
5564 2e-06
5565 0
5566 1e-06
5567 0
5568 0
5569 0
5570 0
5571 1e-06
5572 1e-06
5573 1e-06
5574 0
5575 1e-06
5576 2e-06
5577 0
5578 0
5579 0
5580 1e-06
5581 1e-06
5582 1e-06
5583 1e-06
5584 0
5585 2e-06
5586 2e-06
5587 0
5588 1e-06
5589 1e-06
5590 0
5591 0
5592 0
5593 1e-06
5594 0
5595 0
5596 1e-06
5597 1e-06
5598 0
5599 0
5600 2e-06
5601 0
5602 1e-06
5603 1e-06
5604 0
5605 2e-06
5606 0
5607 1e-06
5608 2e-06
5609 0
5610 1e-06
5611 0
5612 0
5613 1e-06
5614 1e-06
5615 0
5616 0
5617 0
5618 0
5619 0
5620 1e-06
5621 0
5622 0
5623 0
5624 2e-06
5625 1e-06
5626 0
5627 1e-06
5628 1e-06
5629 0
5630 2e-06
5631 1e-06
5632 2e-06
5633 0
5634 0
5635 0
5636 2e-06
5637 0
5638 1e-06
5639 0
5640 1e-06
5641 1e-06
5642 1e-06
5643 1e-06
5644 1e-06
5645 1e-06
5646 0
5647 0
5648 0
5649 0
5650 1e-06
5651 0
5652 0
5653 0
5654 1e-06
5655 1e-06
5656 1e-06
5657 0
5658 0
5659 0
5660 1e-06
5661 0
5662 0
5663 0
5664 1e-06
5665 1e-06
5666 1e-06
5667 0
5668 2e-06
5669 1e-06
5670 0
5671 2e-06
5672 0
5673 1e-06
5674 0
5675 1e-06
5676 0
5677 0
5678 0
5679 0
5680 1e-06
5681 2e-06
5682 0
5683 0
5684 1e-06
5685 0
5686 0
5687 1e-06
5688 0
5689 1e-06
5690 2e-06
5691 1e-06
5692 1e-06
5693 1e-06
5694 1e-06
5695 1e-06
5696 1e-06
5697 1e-06
5698 1e-06
5699 1e-06
5700 1e-06
5701 0
5702 1e-06
5703 0
5704 0
5705 0
5706 1e-06
5707 1e-06
5708 2e-06
5709 0
5710 0
5711 0
5712 0
5713 0
5714 0
5715 0
5716 0
5717 0
5718 0
5719 1e-06
5720 1e-06
5721 2e-06
5722 0
5723 0
5724 0
5725 0
5726 2e-06
5727 1e-06
5728 1e-06
5729 1e-06
5730 2e-06
5731 1e-06
5732 1e-06
5733 0
5734 1e-06
5735 1e-06
5736 1e-06
5737 2e-06
5738 1e-06
5739 0
5740 0
5741 0
5742 1e-06
5743 0
5744 0
5745 2e-06
5746 1e-06
5747 1e-06
5748 1e-06
5749 0
5750 0
5751 0
5752 1e-06
5753 1e-06
5754 1e-06
5755 1e-06
5756 0
5757 1e-06
5758 0
5759 1e-06
5760 1e-06
5761 0
5762 1e-06
5763 1e-06
5764 1e-06
5765 0
5766 1e-06
5767 0
5768 0
5769 0
5770 2e-06
5771 1e-06
5772 0
5773 0
5774 0
5775 0
5776 1e-06
5777 0
5778 0
5779 0
5780 2e-06
5781 0
5782 0
5783 0
5784 0
5785 1e-06
5786 0
5787 0
5788 1e-06
5789 0
5790 0
5791 1e-06
5792 2e-06
5793 0
5794 1e-06
5795 0
5796 2e-06
5797 1e-06
5798 1e-06
5799 1e-06
5800 1e-06
5801 0
5802 0
5803 0
5804 1e-06
5805 1e-06
5806 0
5807 1e-06
5808 0
5809 1e-06
5810 0
5811 0
5812 1e-06
5813 1e-06
5814 0
5815 1e-06
5816 0
5817 1e-06
5818 0
5819 2e-06
5820 1e-06
5821 0
5822 0
5823 1e-06
5824 0
5825 0
5826 1e-06
5827 2e-06
5828 1e-06
5829 1e-06
5830 1e-06
5831 1e-06
5832 1e-06
5833 1e-06
5834 0
5835 0
5836 1e-06
5837 0
5838 0
5839 0
5840 1e-06
5841 0
5842 2e-06
5843 0
5844 0
5845 1e-06
5846 1e-06
5847 2e-06
5848 0
5849 0
5850 2e-06
5851 0
5852 0
5853 0
5854 1e-06
5855 1e-06
5856 1e-06
5857 0
5858 0
5859 2e-06
5860 1e-06
5861 1e-06
5862 0
5863 1e-06
5864 0
5865 0
5866 1e-06
5867 0
5868 1e-06
5869 0
5870 1e-06
5871 0
5872 1e-06
5873 1e-06
5874 0
5875 1e-06
5876 0
5877 0
5878 2e-06
5879 2e-06
5880 0
5881 1e-06
5882 0
5883 0
5884 0
5885 0
5886 0
5887 0
5888 0
5889 0
5890 0
5891 0
5892 1e-06
5893 1e-06
5894 1e-06
5895 0
5896 1e-06
5897 1e-06
5898 1e-06
5899 0
5900 0
5901 2e-06
5902 1e-06
5903 1e-06
5904 1e-06
5905 0
5906 1e-06
5907 0
5908 0
5909 2e-06
5910 1e-06
5911 0
5912 0
5913 0
5914 0
5915 1e-06
5916 1e-06
5917 1e-06
5918 0
5919 1e-06
5920 0
5921 1e-06
5922 0
5923 0
5924 1e-06
5925 0
5926 1e-06
5927 1e-06
5928 1e-06
5929 1e-06
5930 0
5931 2e-06
5932 0
5933 1e-06
5934 1e-06
5935 0
5936 1e-06
5937 0
5938 1e-06
5939 0
5940 2e-06
5941 2e-06
5942 1e-06
5943 2e-06
5944 1e-06
5945 0
5946 1e-06
5947 0
5948 0
5949 0
5950 0
5951 1e-06
5952 0
5953 0
5954 0
5955 0
5956 1e-06
5957 0
5958 0
5959 0
5960 1e-06
5961 0
5962 0
5963 1e-06
5964 0
5965 0
5966 1e-06
5967 1e-06
5968 1e-06
5969 1e-06
5970 0
5971 0
5972 0
5973 1e-06
5974 2e-06
5975 0
5976 0
5977 1e-06
5978 1e-06
5979 1e-06
5980 0
5981 1e-06
5982 1e-06
5983 0
5984 2e-06
5985 0
5986 0
5987 1e-06
5988 1e-06
5989 1e-06
5990 1e-06
5991 2e-06
5992 2e-06
5993 1e-06
5994 0
5995 1e-06
5996 2e-06
5997 0
5998 0
5999 0
6000 0
6001 0
6002 0
6003 2e-06
6004 2e-06
6005 1e-06
6006 2e-06
6007 1e-06
6008 1e-06
6009 0
6010 0
6011 0
6012 1e-06
6013 0
6014 1e-06
6015 1e-06
6016 0
6017 1e-06
6018 1e-06
6019 1e-06
6020 1e-06
6021 0
6022 1e-06
6023 1e-06
6024 1e-06
6025 0
6026 1e-06
6027 0
6028 1e-06
6029 1e-06
6030 1e-06
6031 1e-06
6032 0
6033 1e-06
6034 1e-06
6035 1e-06
6036 0
6037 1e-06
6038 1e-06
6039 1e-06
6040 0
6041 1e-06
6042 0
6043 0
6044 0
6045 0
6046 1e-06
6047 0
6048 1e-06
6049 1e-06
6050 0
6051 0
6052 1e-06
6053 0
6054 0
6055 2e-06
6056 0
6057 1e-06
6058 0
6059 2e-06
6060 0
6061 1e-06
6062 0
6063 1e-06
6064 0
6065 1e-06
6066 1e-06
6067 0
6068 0
6069 1e-06
6070 0
6071 0
6072 0
6073 1e-06
6074 1e-06
6075 0
6076 0
6077 1e-06
6078 0
6079 0
6080 0
6081 1e-06
6082 0
6083 1e-06
6084 0
6085 1e-06
6086 0
6087 0
6088 0
6089 2e-06
6090 0
6091 1e-06
6092 1e-06
6093 0
6094 1e-06
6095 1e-06
6096 0
6097 2e-06
6098 0
6099 2e-06
6100 1e-06
6101 2e-06
6102 0
6103 0
6104 1e-06
6105 2e-06
6106 0
6107 1e-06
6108 0
6109 1e-06
6110 1e-06
6111 1e-06
6112 0
6113 0
6114 1e-06
6115 0
6116 0
6117 1e-06
6118 1e-06
6119 1e-06
6120 0
6121 0
6122 2e-06
6123 1e-06
6124 0
6125 1e-06
6126 1e-06
6127 1e-06
6128 0
6129 0
6130 1e-06
6131 1e-06
6132 1e-06
6133 0
6134 2e-06
6135 0
6136 1e-06
6137 1e-06
6138 1e-06
6139 0
6140 0
6141 0
6142 1e-06
6143 0
6144 1e-06
6145 1e-06
6146 1e-06
6147 0
6148 0
6149 1e-06
6150 1e-06
6151 1e-06
6152 0
6153 2e-06
6154 0
6155 1e-06
6156 0
6157 1e-06
6158 0
6159 0
6160 2e-06
6161 0
6162 0
6163 1e-06
6164 0
6165 0
6166 0
6167 0
6168 0
6169 1e-06
6170 0
6171 1e-06
6172 0
6173 0
6174 1e-06
6175 0
6176 0
6177 0
6178 2e-06
6179 0
6180 0
6181 1e-06
6182 0
6183 1e-06
6184 0
6185 2e-06
6186 0
6187 0
6188 1e-06
6189 0
6190 1e-06
6191 0
6192 1e-06
6193 1e-06
6194 0
6195 1e-06
6196 0
6197 0
6198 1e-06
6199 1e-06
6200 1e-06
6201 0
6202 1e-06
6203 1e-06
6204 0
6205 1e-06
6206 1e-06
6207 0
6208 1e-06
6209 1e-06
6210 1e-06
6211 0
6212 1e-06
6213 0
6214 0
6215 0
6216 1e-06
6217 1e-06
6218 0
6219 1e-06
6220 0
6221 0
6222 2e-06
6223 0
6224 0
6225 0
6226 0
6227 1e-06
6228 0
6229 1e-06
6230 0
6231 0
6232 2e-06
6233 0
6234 1e-06
6235 0
6236 1e-06
6237 1e-06
6238 0
6239 2e-06
6240 1e-06
6241 0
6242 0
6243 0
6244 2e-06
6245 0
6246 1e-06
6247 1e-06
6248 0
6249 0
6250 0
6251 1e-06
6252 1e-06
6253 1e-06
6254 0
6255 1e-06
6256 0
6257 0
6258 0
6259 1e-06
6260 2e-06
6261 0
6262 0
6263 1e-06
6264 1e-06
6265 1e-06
6266 0
6267 2e-06
6268 0
6269 0
6270 1e-06
6271 1e-06
6272 1e-06
6273 0
6274 1e-06
6275 0
6276 0
6277 1e-06
6278 1e-06
6279 0
6280 0
6281 2e-06
6282 0
6283 0
6284 1e-06
6285 0
6286 1e-06
6287 1e-06
6288 0
6289 0
6290 1e-06
6291 1e-06
6292 0
6293 0
6294 1e-06
6295 1e-06
6296 0
6297 0
6298 0
6299 0
6300 2e-06
6301 1e-06
6302 0
6303 0
6304 1e-06
6305 1e-06
6306 0
6307 1e-06
6308 1e-06
6309 0
6310 0
6311 1e-06
6312 1e-06
6313 0
6314 1e-06
6315 1e-06
6316 0
6317 1e-06
6318 0
6319 1e-06
6320 0
6321 0
6322 2e-06
6323 0
6324 1e-06
6325 0
6326 2e-06
6327 0
6328 0
6329 2e-06
6330 0
6331 0
6332 1e-06
6333 1e-06
6334 1e-06
6335 0
6336 2e-06
6337 0
6338 1e-06
6339 0
6340 1e-06
6341 0
6342 0
6343 2e-06
6344 0
6345 0
6346 0
6347 0
6348 1e-06
6349 0
6350 0
6351 0
6352 0
6353 1e-06
6354 0
6355 0
6356 1e-06
6357 0
6358 1e-06
6359 1e-06
6360 0
6361 1e-06
6362 0
6363 0
6364 1e-06
6365 0
6366 0
6367 0
6368 2e-06
6369 0
6370 1e-06
6371 0
6372 1e-06
6373 0
6374 0
6375 1e-06
6376 1e-06
6377 0
6378 0
6379 0
6380 2e-06
6381 0
6382 1e-06
6383 0
6384 1e-06
6385 2e-06
6386 0
6387 1e-06
6388 0
6389 1e-06
6390 0
6391 0
6392 1e-06
6393 1e-06
6394 1e-06
6395 0
6396 0
6397 1e-06
6398 1e-06
6399 0
6400 1e-06
6401 1e-06
6402 2e-06
6403 0
6404 1e-06
6405 0
6406 2e-06
6407 0
6408 1e-06
6409 1e-06
6410 1e-06
6411 2e-06
6412 0
6413 0
6414 0
6415 2e-06
6416 0
6417 1e-06
6418 0
6419 2e-06
6420 0
6421 1e-06
6422 0
6423 2e-06
6424 0
6425 1e-06
6426 0
6427 2e-06
6428 0
6429 0
6430 0
6431 1e-06
6432 0
6433 0
6434 0
6435 1e-06
6436 0
6437 0
6438 0
6439 1e-06
6440 0
6441 0
6442 0
6443 1e-06
6444 0
6445 0
6446 0
6447 1e-06
6448 0
6449 0
6450 0
6451 1e-06
6452 0
6453 0
6454 1e-06
6455 1e-06
6456 0
6457 0
6458 0
6459 1e-06
6460 1e-06
6461 0
6462 0
6463 1e-06
6464 1e-06
6465 0
6466 1e-06
6467 0
6468 2e-06
6469 0
6470 0
6471 1e-06
6472 1e-06
6473 1e-06
6474 0
6475 1e-06
6476 1e-06
6477 2e-06
6478 0
6479 1e-06
6480 0
6481 2e-06
6482 0
6483 0
6484 0
6485 1e-06
6486 0
6487 0
6488 0
6489 1e-06
6490 0
6491 0
6492 0
6493 1e-06
6494 0
6495 0
6496 0
6497 1e-06
6498 0
6499 0
6500 0
6501 1e-06
6502 0
6503 0
6504 0
6505 1e-06
6506 0
6507 0
6508 0
6509 1e-06
6510 0
6511 0
6512 0
6513 1e-06
6514 0
6515 0
6516 0
6517 1e-06
6518 0
6519 0
6520 0
6521 1e-06
6522 0
6523 0
6524 0
6525 1e-06
6526 0
6527 0
6528 0
6529 0
6530 1e-06
6531 0
6532 0
6533 0
6534 1e-06
6535 1e-06
6536 0
6537 0
6538 1e-06
6539 1e-06
6540 0
6541 0
6542 0
6543 1e-06
6544 0
6545 0
6546 0
6547 1e-06
6548 1e-06
6549 0
6550 0
6551 0
6552 1e-06
6553 0
6554 0
6555 0
6556 1e-06
6557 0
6558 0
6559 1e-06
6560 0
6561 0
6562 1e-06
6563 1e-06
6564 2e-06
6565 0
6566 1e-06
6567 0
6568 2e-06
6569 0
6570 1e-06
6571 0
6572 2e-06
6573 1e-06
6574 1e-06
6575 0
6576 1e-06
6577 1e-06
6578 1e-06
6579 0
6580 1e-06
6581 1e-06
6582 1e-06
6583 0
6584 1e-06
6585 1e-06
6586 1e-06
6587 0
6588 0
6589 0
6590 1e-06
6591 1e-06
6592 0
6593 0
6594 0
6595 1e-06
6596 0
6597 0
6598 0
6599 1e-06
6600 0
6601 0
6602 1e-06
6603 0
6604 2e-06
6605 0
6606 1e-06
6607 0
6608 2e-06
6609 1e-06
6610 0
6611 0
6612 1e-06
6613 1e-06
6614 2e-06
6615 1e-06
6616 1e-06
6617 0
6618 1e-06
6619 1e-06
6620 2e-06
6621 0
6622 1e-06
6623 0
6624 1e-06
6625 1e-06
6626 0
6627 0
6628 0
6629 2e-06
6630 0
6631 1e-06
6632 0
6633 2e-06
6634 0
6635 0
6636 0
6637 1e-06
6638 1e-06
6639 0
6640 0
6641 1e-06
6642 1e-06
6643 0
6644 0
6645 0
6646 1e-06
6647 0
6648 0
6649 0
6650 1e-06
6651 1e-06
6652 0
6653 1e-06
6654 1e-06
6655 1e-06
6656 0
6657 1e-06
6658 0
6659 2e-06
6660 1e-06
6661 1e-06
6662 0
6663 0
6664 1e-06
6665 0
6666 0
6667 0
6668 1e-06
6669 0
6670 1e-06
6671 0
6672 2e-06
6673 0
6674 1e-06
6675 0
6676 1e-06
6677 0
6678 0
6679 0
6680 1e-06
6681 1e-06
6682 0
6683 1e-06
6684 0
6685 2e-06
6686 0
6687 0
6688 0
6689 1e-06
6690 0
6691 0
6692 1e-06
6693 1e-06
6694 2e-06
6695 0
6696 1e-06
6697 0
6698 2e-06
6699 0
6700 2e-06
6701 0
6702 1e-06
6703 1e-06
6704 0
6705 2e-06
6706 2e-06
6707 0
6708 1e-06
6709 1e-06
6710 0
6711 1e-06
6712 0
6713 1e-06
6714 0
6715 0
6716 2e-06
6717 0
6718 1e-06
6719 0
6720 1e-06
6721 0
6722 1e-06
6723 1e-06
6724 1e-06
6725 2e-06
6726 1e-06
6727 1e-06
6728 0
6729 0
6730 1e-06
6731 0
6732 0
6733 1e-06
6734 0
6735 1e-06
6736 0
6737 0
6738 0
6739 0
6740 2e-06
6741 1e-06
6742 1e-06
6743 0
6744 0
6745 0
6746 0
6747 0
6748 1e-06
6749 1e-06
6750 2e-06
6751 0
6752 2e-06
6753 1e-06
6754 1e-06
6755 2e-06
6756 0
6757 0
6758 0
6759 1e-06
6760 2e-06
6761 1e-06
6762 1e-06
6763 0
6764 2e-06
6765 1e-06
6766 0
6767 1e-06
6768 0
6769 1e-06
6770 0
6771 0
6772 0
6773 0
6774 0
6775 2e-06
6776 1e-06
6777 1e-06
6778 0
6779 0
6780 0
6781 0
6782 1e-06
6783 1e-06
6784 1e-06
6785 2e-06
6786 1e-06
6787 0
6788 2e-06
6789 0
6790 0
6791 2e-06
6792 1e-06
6793 0
6794 0
6795 1e-06
6796 1e-06
6797 2e-06
6798 0
6799 0
6800 0
6801 1e-06
6802 1e-06
6803 0
6804 1e-06
6805 0
6806 1e-06
6807 1e-06
6808 1e-06
6809 1e-06
6810 0
6811 0
6812 0
6813 0
6814 0
6815 1e-06
6816 0
6817 0
6818 2e-06
6819 1e-06
6820 0
6821 1e-06
6822 1e-06
6823 2e-06
6824 1e-06
6825 1e-06
6826 0
6827 0
6828 2e-06
6829 1e-06
6830 0
6831 0
6832 0
6833 1e-06
6834 0
6835 0
6836 1e-06
6837 2e-06
6838 0
6839 0
6840 1e-06
6841 0
6842 0
6843 1e-06
6844 0
6845 1e-06
6846 1e-06
6847 0
6848 0
6849 0
6850 0
6851 1e-06
6852 1e-06
6853 0
6854 0
6855 0
6856 1e-06
6857 1e-06
6858 1e-06
6859 0
6860 0
6861 0
6862 0
6863 1e-06
6864 0
6865 1e-06
6866 1e-06
6867 0
6868 0
6869 0
6870 1e-06
6871 1e-06
6872 1e-06
6873 2e-06
6874 1e-06
6875 1e-06
6876 0
6877 0
6878 0
6879 1e-06
6880 0
6881 0
6882 0
6883 1e-06
6884 0
6885 0
6886 0
6887 1e-06
6888 0
6889 0
6890 0
6891 0
6892 0
6893 1e-06
6894 2e-06
6895 2e-06
6896 0
6897 0
6898 0
6899 0
6900 1e-06
6901 0
6902 0
6903 1e-06
6904 0
6905 1e-06
6906 0
6907 0
6908 2e-06
6909 1e-06
6910 1e-06
6911 0
6912 0
6913 0
6914 1e-06
6915 1e-06
6916 0
6917 1e-06
6918 0
6919 0
6920 2e-06
6921 1e-06
6922 2e-06
6923 1e-06
6924 0
6925 0
6926 1e-06
6927 1e-06
6928 2e-06
6929 1e-06
6930 1e-06
6931 1e-06
6932 1e-06
6933 0
6934 0
6935 1e-06
6936 1e-06
6937 1e-06
6938 0
6939 1e-06
6940 1e-06
6941 1e-06
6942 2e-06
6943 2e-06
6944 2e-06
6945 2e-06
6946 1e-06
6947 0
6948 1e-06
6949 1e-06
6950 0
6951 0
6952 1e-06
6953 1e-06
6954 0
6955 0
6956 1e-06
6957 1e-06
6958 0
6959 1e-06
6960 0
6961 1e-06
6962 0
6963 0
6964 1e-06
6965 0
6966 1e-06
6967 0
6968 2e-06
6969 0
6970 0
6971 0
6972 1e-06
6973 0
6974 0
6975 0
6976 0
6977 0
6978 1e-06
6979 1e-06
6980 2e-06
6981 2e-06
6982 0
6983 0
6984 0
6985 0
6986 1e-06
6987 0
6988 1e-06
6989 1e-06
6990 1e-06
6991 1e-06
6992 2e-06
6993 1e-06
6994 0
6995 1e-06
6996 0
6997 0
6998 0
6999 1e-06
7000 0
7001 1e-06
7002 0
7003 1e-06
7004 0
7005 0
7006 1e-06
7007 0
7008 0
7009 1e-06
7010 1e-06
7011 1e-06
7012 2e-06
7013 0
7014 0
7015 1e-06
7016 0
7017 2e-06
7018 1e-06
7019 0
7020 1e-06
7021 0
7022 1e-06
7023 0
7024 0
7025 0
7026 0
7027 0
7028 0
7029 0
7030 1e-06
7031 0
7032 1e-06
7033 1e-06
7034 1e-06
7035 1e-06
7036 0
7037 0
7038 1e-06
7039 2e-06
7040 1e-06
7041 1e-06
7042 1e-06
7043 1e-06
7044 0
7045 0
7046 0
7047 1e-06
7048 0
7049 0
7050 0
7051 1e-06
7052 0
7053 0
7054 0
7055 0
7056 0
7057 1e-06
7058 1e-06
7059 0
7060 0
7061 0
7062 0
7063 1e-06
7064 1e-06
7065 0
7066 2e-06
7067 0
7068 1e-06
7069 2e-06
7070 1e-06
7071 1e-06
7072 1e-06
7073 2e-06
7074 2e-06
7075 1e-06
7076 0
7077 0
7078 0
7079 2e-06
7080 0
7081 1e-06
7082 0
7083 1e-06
7084 1e-06
7085 1e-06
7086 0
7087 0
7088 0
7089 1e-06
7090 1e-06
7091 0
7092 1e-06
7093 0
7094 2e-06
7095 0
7096 1e-06
7097 0
7098 2e-06
7099 1e-06
7100 2e-06
7101 0
7102 1e-06
7103 0
7104 2e-06
7105 0
7106 0
7107 0
7108 1e-06
7109 1e-06
7110 1e-06
7111 0
7112 0
7113 0
7114 1e-06
7115 2e-06
7116 1e-06
7117 0
7118 0
7119 0
7120 1e-06
7121 0
7122 1e-06
7123 1e-06
7124 2e-06
7125 0
7126 1e-06
7127 0
7128 1e-06
7129 1e-06
7130 2e-06
7131 0
7132 0
7133 0
7134 1e-06
7135 1e-06
7136 1e-06
7137 0
7138 1e-06
7139 0
7140 1e-06
7141 0
7142 0
7143 0
7144 1e-06
7145 1e-06
7146 0
7147 1e-06
7148 1e-06
7149 1e-06
7150 0
7151 1e-06
7152 1e-06
7153 2e-06
7154 0
7155 0
7156 0
7157 1e-06
7158 2e-06
7159 0
7160 0
7161 0
7162 1e-06
7163 0
7164 0
7165 1e-06
7166 1e-06
7167 2e-06
7168 1e-06
7169 1e-06
7170 0
7171 0
7172 0
7173 2e-06
7174 0
7175 0
7176 0
7177 1e-06
7178 0
7179 0
7180 0
7181 1e-06
7182 0
7183 0
7184 0
7185 2e-06
7186 1e-06
7187 1e-06
7188 0
7189 1e-06
7190 1e-06
7191 2e-06
7192 0
7193 1e-06
7194 0
7195 2e-06
7196 0
7197 1e-06
7198 0
7199 2e-06
7200 0
7201 1e-06
7202 0
7203 2e-06
7204 1e-06
7205 2e-06
7206 1e-06
7207 0
7208 0
7209 0
7210 1e-06
7211 1e-06
7212 0
7213 0
7214 0
7215 0
7216 1e-06
7217 2e-06
7218 0
7219 0
7220 0
7221 0
7222 1e-06
7223 0
7224 0
7225 0
7226 0
7227 1e-06
7228 1e-06
7229 0
7230 0
7231 1e-06
7232 0
7233 0
7234 0
7235 1e-06
7236 0
7237 0
7238 1e-06
7239 1e-06
7240 0
7241 1e-06
7242 0
7243 2e-06
7244 0
7245 1e-06
7246 0
7247 2e-06
7248 1e-06
7249 1e-06
7250 0
7251 0
7252 0
7253 1e-06
7254 0
7255 0
7256 0
7257 1e-06
7258 1e-06
7259 0
7260 0
7261 0
7262 1e-06
7263 0
7264 0
7265 0
7266 0
7267 0
7268 1e-06
7269 1e-06
7270 1e-06
7271 0
7272 0
7273 0
7274 0
7275 2e-06
7276 1e-06
7277 2e-06
7278 0
7279 1e-06
7280 0
7281 1e-06
7282 1e-06
7283 2e-06
7284 0
7285 1e-06
7286 0
7287 1e-06
7288 0
7289 0
7290 0
7291 0
7292 2e-06
7293 1e-06
7294 1e-06
7295 0
7296 0
7297 1e-06
7298 1e-06
7299 0
7300 1e-06
7301 0
7302 0
7303 1e-06
7304 2e-06
7305 0
7306 1e-06
7307 0
7308 1e-06
7309 1e-06
7310 1e-06
7311 0
7312 0
7313 1e-06
7314 1e-06
7315 0
7316 0
7317 0
7318 2e-06
7319 1e-06
7320 0
7321 1e-06
7322 0
7323 1e-06
7324 1e-06
7325 2e-06
7326 0
7327 1e-06
7328 0
7329 0
7330 1e-06
7331 1e-06
7332 2e-06
7333 0
7334 1e-06
7335 0
7336 0
7337 1e-06
7338 0
7339 1e-06
7340 0
7341 1e-06
7342 0
7343 2e-06
7344 1e-06
7345 0
7346 0
7347 0
7348 2e-06
7349 0
7350 1e-06
7351 0
7352 1e-06
7353 0
7354 1e-06
7355 1e-06
7356 1e-06
7357 0
7358 0
7359 1e-06
7360 1e-06
7361 1e-06
7362 0
7363 0
7364 0
7365 1e-06
7366 2e-06
7367 0
7368 1e-06
7369 0
7370 2e-06
7371 1e-06
7372 1e-06
7373 0
7374 0
7375 0
7376 1e-06
7377 1e-06
7378 1e-06
7379 1e-06
7380 0
7381 0
7382 1e-06
7383 0
7384 1e-06
7385 0
7386 1e-06
7387 0
7388 0
7389 0
7390 0
7391 2e-06
7392 1e-06
7393 1e-06
7394 0
7395 0
7396 1e-06
7397 0
7398 1e-06
7399 0
7400 0
7401 0
7402 2e-06
7403 0
7404 1e-06
7405 0
7406 1e-06
7407 0
7408 2e-06
7409 1e-06
7410 1e-06
7411 0
7412 1e-06
7413 0
7414 1e-06
7415 1e-06
7416 1e-06
7417 1e-06
7418 0
7419 1e-06
7420 1e-06
7421 0
7422 0
7423 0
7424 1e-06
7425 1e-06
7426 0
7427 0
7428 1e-06
7429 1e-06
7430 2e-06
7431 0
7432 1e-06
7433 2e-06
7434 1e-06
7435 1e-06
7436 0
7437 0
7438 1e-06
7439 0
7440 1e-06
7441 0
7442 0
7443 0
7444 1e-06
7445 2e-06
7446 0
7447 0
7448 0
7449 0
7450 1e-06
7451 2e-06
7452 0
7453 1e-06
7454 0
7455 0
7456 2e-06
7457 1e-06
7458 1e-06
7459 0
7460 0
7461 0
7462 1e-06
7463 2e-06
7464 1e-06
7465 1e-06
7466 0
7467 1e-06
7468 1e-06
7469 2e-06
7470 0
7471 1e-06
7472 0
7473 2e-06
7474 1e-06
7475 0
7476 0
7477 1e-06
7478 1e-06
7479 1e-06
7480 0
7481 1e-06
7482 1e-06
7483 1e-06
7484 1e-06
7485 0
7486 0
7487 0
7488 2e-06
7489 1e-06
7490 0
7491 0
7492 0
7493 1e-06
7494 0
7495 0
7496 0
7497 1e-06
7498 1e-06
7499 1e-06
7500 1e-06
7501 0
7502 2e-06
7503 1e-06
7504 0
7505 0
7506 1e-06
7507 0
7508 1e-06
7509 0
7510 2e-06
7511 0
7512 0
7513 1e-06
7514 0
7515 0
7516 0
7517 0
7518 1e-06
7519 1e-06
7520 0
7521 1e-06
7522 1e-06
7523 1e-06
7524 0
7525 1e-06
7526 1e-06
7527 0
7528 0
7529 1e-06
7530 1e-06
7531 0
7532 1e-06
7533 1e-06
7534 1e-06
7535 0
7536 1e-06
7537 0
7538 1e-06
7539 0
7540 0
7541 1e-06
7542 1e-06
7543 1e-06
7544 1e-06
7545 0
7546 0
7547 1e-06
7548 1e-06
7549 0
7550 0
7551 1e-06
7552 0
7553 0
7554 0
7555 1e-06
7556 0
7557 1e-06
7558 0
7559 2e-06
7560 0
7561 1e-06
7562 0
7563 1e-06
7564 0
7565 1e-06
7566 0
7567 0
7568 1e-06
7569 0
7570 1e-06
7571 0
7572 2e-06
7573 1e-06
7574 1e-06
7575 0
7576 1e-06
7577 1e-06
7578 1e-06
7579 0
7580 0
7581 0
7582 0
7583 0
7584 1e-06
7585 0
7586 0
7587 1e-06
7588 1e-06
7589 1e-06
7590 0
7591 0
7592 0
7593 1e-06
7594 1e-06
7595 1e-06
7596 0
7597 0
7598 0
7599 0
7600 0
7601 0
7602 1e-06
7603 0
7604 0
7605 1e-06
7606 2e-06
7607 0
7608 1e-06
7609 1e-06
7610 0
7611 0
7612 0
7613 2e-06
7614 0
7615 1e-06
7616 1e-06
7617 2e-06
7618 0
7619 0
7620 1e-06
7621 1e-06
7622 0
7623 0
7624 1e-06
7625 2e-06
7626 1e-06
7627 0
7628 1e-06
7629 1e-06
7630 1e-06
7631 0
7632 0
7633 1e-06
7634 0
7635 1e-06
7636 0
7637 1e-06
7638 0
7639 1e-06
7640 0
7641 1e-06
7642 0
7643 0
7644 2e-06
7645 0
7646 0
7647 0
7648 0
7649 2e-06
7650 0
7651 0
7652 0
7653 1e-06
7654 1e-06
7655 0
7656 1e-06
7657 0
7658 0
7659 0
7660 1e-06
7661 0
7662 0
7663 2e-06
7664 0
7665 1e-06
7666 0
7667 0
7668 1e-06
7669 0
7670 0
7671 0
7672 2e-06
7673 0
7674 1e-06
7675 0
7676 2e-06
7677 0
7678 0
7679 0
7680 1e-06
7681 1e-06
7682 0
7683 1e-06
7684 0
7685 0
7686 1e-06
7687 1e-06
7688 0
7689 0
7690 1e-06
7691 0
7692 1e-06
7693 0
7694 2e-06
7695 1e-06
7696 0
7697 1e-06
7698 1e-06
7699 0
7700 0
7701 1e-06
7702 0
7703 1e-06
7704 1e-06
7705 0
7706 2e-06
7707 0
7708 0
7709 1e-06
7710 1e-06
7711 1e-06
7712 0
7713 2e-06
7714 0
7715 1e-06
7716 0
7717 1e-06
7718 0
7719 1e-06
7720 0
7721 1e-06
7722 0
7723 1e-06
7724 1e-06
7725 0
7726 1e-06
7727 0
7728 2e-06
7729 0
7730 0
7731 1e-06
7732 1e-06
7733 1e-06
7734 0
7735 0
7736 2e-06
7737 0
7738 0
7739 1e-06
7740 1e-06
7741 1e-06
7742 0
7743 0
7744 1e-06
7745 0
7746 0
7747 0
7748 1e-06
7749 0
7750 1e-06
7751 0
7752 1e-06
7753 0
7754 0
7755 1e-06
7756 0
7757 1e-06
7758 0
7759 0
7760 2e-06
7761 0
7762 0
7763 1e-06
7764 1e-06
7765 0
7766 0
7767 0
7768 1e-06
7769 0
7770 0
7771 1e-06
7772 0
7773 0
7774 0
7775 0
7776 1e-06
7777 0
7778 0
7779 0
7780 1e-06
7781 0
7782 0
7783 0
7784 1e-06
7785 0
7786 0
7787 1e-06
7788 0
7789 1e-06
7790 0
7791 1e-06
7792 0
7793 0
7794 1e-06
7795 1e-06
7796 0
7797 0
7798 1e-06
7799 1e-06
7800 0
7801 1e-06
7802 1e-06
7803 1e-06
7804 0
7805 2e-06
7806 0
7807 1e-06
7808 0
7809 1e-06
7810 0
7811 0
7812 1e-06
7813 0
7814 1e-06
7815 1e-06
7816 1e-06
7817 0
7818 1e-06
7819 0
7820 0
7821 0
7822 1e-06
7823 1e-06
7824 0
7825 0
7826 1e-06
7827 1e-06
7828 0
7829 0
7830 1e-06
7831 0
7832 0
7833 0
7834 1e-06
7835 0
7836 1e-06
7837 1e-06
7838 1e-06
7839 2e-06
7840 0
7841 1e-06
7842 1e-06
7843 0
7844 0
7845 0
7846 1e-06
7847 0
7848 0
7849 1e-06
7850 0
7851 0
7852 1e-06
7853 1e-06
7854 0
7855 1e-06
7856 0
7857 1e-06
7858 0
7859 2e-06
7860 0
7861 1e-06
7862 0
7863 1e-06
7864 1e-06
7865 0
7866 1e-06
7867 0
7868 1e-06
7869 0
7870 1e-06
7871 1e-06
7872 0
7873 0
7874 1e-06
7875 1e-06
7876 1e-06
7877 0
7878 0
7879 0
7880 0
7881 0
7882 0
7883 1e-06
7884 0
7885 1e-06
7886 0
7887 0
7888 0
7889 2e-06
7890 0
7891 1e-06
7892 1e-06
7893 1e-06
7894 0
7895 1e-06
7896 0
7897 2e-06
7898 1e-06
7899 0
7900 0
7901 1e-06
7902 0
7903 0
7904 1e-06
7905 0
7906 0
7907 0
7908 1e-06
7909 1e-06
7910 0
7911 0
7912 1e-06
7913 2e-06
7914 0
7915 1e-06
7916 0
7917 2e-06
7918 0
7919 1e-06
7920 0
7921 1e-06
7922 0
7923 0
7924 1e-06
7925 1e-06
7926 2e-06
7927 1e-06
7928 1e-06
7929 0
7930 1e-06
7931 0
7932 2e-06
7933 0
7934 1e-06
7935 0
7936 1e-06
7937 0
7938 0
7939 0
7940 1e-06
7941 0
7942 1e-06
7943 0
7944 1e-06
7945 1e-06
7946 0
7947 1e-06
7948 0
7949 1e-06
7950 0
7951 2e-06
7952 1e-06
7953 0
7954 0
7955 2e-06
7956 1e-06
7957 2e-06
7958 1e-06
7959 2e-06
7960 1e-06
7961 1e-06
7962 0
7963 1e-06
7964 1e-06
7965 0
7966 0
7967 0
7968 1e-06
7969 0
7970 1e-06
7971 0
7972 1e-06
7973 1e-06
7974 1e-06
7975 0
7976 0
7977 0
7978 0
7979 1e-06
7980 1e-06
7981 0
7982 1e-06
7983 0
7984 1e-06
7985 0
7986 2e-06
7987 1e-06
7988 2e-06
7989 0
7990 1e-06
7991 0
7992 1e-06
7993 0
7994 2e-06
7995 0
7996 1e-06
7997 1e-06
7998 1e-06
7999 1e-06
8000 1e-06
8001 0
8002 1e-06
8003 0
8004 1e-06
8005 0
8006 1e-06
8007 0
8008 0
8009 2e-06
8010 0
8011 0
8012 1e-06
8013 0
8014 2e-06
8015 0
8016 0
8017 0
8018 0
8019 0
8020 1e-06
8021 0
8022 0
8023 1e-06
8024 1e-06
8025 2e-06
8026 1e-06
8027 2e-06
8028 1e-06
8029 1e-06
8030 0
8031 1e-06
8032 0
8033 2e-06
8034 0
8035 0
8036 0
8037 1e-06
8038 1e-06
8039 1e-06
8040 0
8041 1e-06
8042 1e-06
8043 1e-06
8044 0
8045 1e-06
8046 0
8047 0
8048 0
8049 1e-06
8050 1e-06
8051 1e-06
8052 0
8053 0
8054 0
8055 0
8056 0
8057 1e-06
8058 0
8059 1e-06
8060 0
8061 1e-06
8062 1e-06
8063 1e-06
8064 0
8065 0
8066 0
8067 1e-06
8068 0
8069 0
8070 2e-06
8071 0
8072 0
8073 1e-06
8074 0
8075 0
8076 1e-06
8077 0
8078 1e-06
8079 0
8080 0
8081 1e-06
8082 0
8083 0
8084 2e-06
8085 0
8086 0
8087 1e-06
8088 0
8089 1e-06
8090 1e-06
8091 0
8092 1e-06
8093 0
8094 0
8095 2e-06
8096 0
8097 0
8098 2e-06
8099 0
8100 0
8101 2e-06
8102 0
8103 0
8104 1e-06
8105 0
8106 1e-06
8107 1e-06
8108 0
8109 1e-06
8110 1e-06
8111 1e-06
8112 0
8113 1e-06
8114 1e-06
8115 1e-06
8116 0
8117 1e-06
8118 1e-06
8119 2e-06
8120 0
8121 1e-06
8122 1e-06
8123 1e-06
8124 0
8125 0
8126 1e-06
8127 1e-06
8128 0
8129 0
8130 0
8131 2e-06
8132 0
8133 1e-06
8134 1e-06
8135 0
8136 1e-06
8137 1e-06
8138 0
8139 1e-06
8140 0
8141 2e-06
8142 0
8143 1e-06
8144 0
8145 0
8146 1e-06
8147 0
8148 0
8149 0
8150 0
8151 1e-06
8152 0
8153 0
8154 1e-06
8155 0
8156 1e-06
8157 0
8158 0
8159 1e-06
8160 0
8161 0
8162 0
8163 0
8164 1e-06
8165 0
8166 0
8167 2e-06
8168 0
8169 0
8170 0
8171 0
8172 2e-06
8173 1e-06
8174 0
8175 1e-06
8176 0
8177 0
8178 1e-06
8179 0
8180 0
8181 1e-06
8182 1e-06
8183 0
8184 0
8185 1e-06
8186 0
8187 1e-06
8188 1e-06
8189 0
8190 0
8191 1e-06
8192 2e-06
8193 0
8194 0
8195 1e-06
8196 0
8197 0
8198 0
8199 0
8200 1e-06
8201 0
8202 0
8203 1e-06
8204 0
8205 1e-06
8206 1e-06
8207 0
8208 1e-06
8209 1e-06
8210 0
8211 1e-06
8212 0
8213 0
8214 1e-06
8215 1e-06
8216 0
8217 1e-06
8218 1e-06
8219 0
8220 1e-06
8221 1e-06
8222 0
8223 1e-06
8224 1e-06
8225 0
8226 1e-06
8227 1e-06
8228 0
8229 1e-06
8230 1e-06
8231 1e-06
8232 0
8233 0
8234 0
8235 0
8236 1e-06
8237 0
8238 0
8239 0
8240 0
8241 1e-06
8242 1e-06
8243 1e-06
8244 0
8245 1e-06
8246 1e-06
8247 0
8248 1e-06
8249 0
8250 0
8251 2e-06
8252 0
8253 0
8254 1e-06
8255 0
8256 1e-06
8257 1e-06
8258 0
8259 0
8260 1e-06
8261 1e-06
8262 0
8263 1e-06
8264 0
8265 0
8266 2e-06
8267 0
8268 0
8269 1e-06
8270 0
8271 1e-06
8272 0
8273 1e-06
8274 0
8275 0
8276 2e-06
8277 0
8278 0
8279 1e-06
8280 0
8281 1e-06
8282 0
8283 0
8284 1e-06
8285 1e-06
8286 0
8287 0
8288 1e-06
8289 1e-06
8290 0
8291 0
8292 1e-06
8293 0
8294 1e-06
8295 1e-06
8296 0
8297 1e-06
8298 1e-06
8299 0
8300 0
8301 1e-06
8302 1e-06
8303 0
8304 2e-06
8305 0
8306 0
8307 2e-06
8308 0
8309 0
8310 1e-06
8311 0
8312 1e-06
8313 1e-06
8314 0
8315 1e-06
8316 1e-06
8317 1e-06
8318 0
8319 1e-06
8320 1e-06
8321 0
8322 1e-06
8323 0
8324 1e-06
8325 0
8326 0
8327 1e-06
8328 2e-06
8329 0
8330 1e-06
8331 1e-06
8332 1e-06
8333 0
8334 1e-06
8335 1e-06
8336 0
8337 0
8338 1e-06
8339 0
8340 2e-06
8341 0
8342 1e-06
8343 0
8344 0
8345 2e-06
8346 0
8347 1e-06
8348 1e-06
8349 1e-06
8350 0
8351 0
8352 1e-06
8353 0
8354 0
8355 1e-06
8356 1e-06
8357 0
8358 1e-06
8359 1e-06
8360 0
8361 0
8362 1e-06
8363 1e-06
8364 0
8365 0
8366 0
8367 0
8368 0
8369 1e-06
8370 1e-06
8371 0
8372 0
8373 0
8374 1e-06
8375 2e-06
8376 0
8377 0
8378 1e-06
8379 1e-06
8380 0
8381 0
8382 1e-06
8383 0
8384 2e-06
8385 0
8386 1e-06
8387 1e-06
8388 0
8389 0
8390 1e-06
8391 0
8392 2e-06
8393 0
8394 0
8395 0
8396 1e-06
8397 0
8398 0
8399 0
8400 0
8401 0
8402 0
8403 1e-06
8404 0
8405 0
8406 0
8407 0
8408 2e-06
8409 0
8410 1e-06
8411 1e-06
8412 0
8413 1e-06
8414 0
8415 2e-06
8416 0
8417 0
8418 0
8419 0
8420 1e-06
8421 0
8422 1e-06
8423 0
8424 0
8425 0
8426 1e-06
8427 0
8428 0
8429 0
8430 1e-06
8431 1e-06
8432 0
8433 0
8434 1e-06
8435 0
8436 0
8437 1e-06
8438 1e-06
8439 0
8440 0
8441 1e-06
8442 1e-06
8443 0
8444 1e-06
8445 0
8446 1e-06
8447 1e-06
8448 0
8449 0
8450 1e-06
8451 1e-06
8452 0
8453 1e-06
8454 1e-06
8455 1e-06
8456 0
8457 1e-06
8458 1e-06
8459 0
8460 0
8461 0
8462 1e-06
8463 0
8464 2e-06
8465 0
8466 0
8467 1e-06
8468 0
8469 0
8470 0
8471 0
8472 2e-06
8473 0
8474 0
8475 1e-06
8476 0
8477 1e-06
8478 1e-06
8479 0
8480 1e-06
8481 1e-06
8482 0
8483 1e-06
8484 1e-06
8485 0
8486 0
8487 0
8488 1e-06
8489 0
8490 1e-06
8491 1e-06
8492 0
8493 1e-06
8494 0
8495 0
8496 1e-06
8497 0
8498 0
8499 2e-06
8500 0
8501 0
8502 1e-06
8503 0
8504 0
8505 1e-06
8506 0
8507 1e-06
8508 0
8509 0
8510 2e-06
8511 0
8512 0
8513 2e-06
8514 0
8515 0
8516 1e-06
8517 0
8518 0
8519 2e-06
8520 0
8521 0
8522 1e-06
8523 0
8524 1e-06
8525 1e-06
8526 0
8527 1e-06
8528 1e-06
8529 0
8530 1e-06
8531 0
8532 0
8533 1e-06
8534 0
8535 1e-06
8536 1e-06
8537 0
8538 1e-06
8539 1e-06
8540 0
8541 1e-06
8542 1e-06
8543 0
8544 0
8545 0
8546 1e-06
8547 0
8548 0
8549 1e-06
8550 1e-06
8551 0
8552 1e-06
8553 1e-06
8554 0
8555 1e-06
8556 1e-06
8557 0
8558 1e-06
8559 1e-06
8560 0
8561 0
8562 1e-06
8563 0
8564 0
8565 1e-06
8566 1e-06
8567 0
8568 1e-06
8569 1e-06
8570 0
8571 0
8572 1e-06
8573 1e-06
8574 0
8575 1e-06
8576 1e-06
8577 0
8578 0
8579 0
8580 1e-06
8581 0
8582 1e-06
8583 1e-06
8584 0
8585 1e-06
8586 1e-06
8587 0
8588 1e-06
8589 1e-06
8590 0
8591 1e-06
8592 1e-06
8593 0
8594 1e-06
8595 1e-06
8596 0
8597 1e-06
8598 0
8599 0
8600 2e-06
8601 0
8602 0
8603 1e-06
8604 0
8605 1e-06
8606 1e-06
8607 0
8608 1e-06
8609 0
8610 0
8611 0
8612 0
8613 0
8614 2e-06
8615 0
8616 0
8617 2e-06
8618 0
8619 0
8620 0
8621 0
8622 2e-06
8623 0
8624 0
8625 1e-06
8626 0
8627 1e-06
8628 1e-06
8629 0
8630 1e-06
8631 1e-06
8632 0
8633 1e-06
8634 0
8635 0
8636 2e-06
8637 0
8638 0
8639 1e-06
8640 0
8641 0
8642 1e-06
8643 0
8644 0
8645 1e-06
8646 0
8647 0
8648 0
8649 0
8650 1e-06
8651 0
8652 0
8653 1e-06
8654 0
8655 0
8656 0
8657 0
8658 1e-06
8659 0
8660 0
8661 1e-06
8662 0
8663 0
8664 1e-06
8665 0
8666 0
8667 1e-06
8668 0
8669 0
8670 0
8671 1e-06
8672 0
8673 0
8674 1e-06
8675 1e-06
8676 0
8677 1e-06
8678 0
8679 0
8680 1e-06
8681 1e-06
8682 0
8683 1e-06
8684 0
8685 0
8686 1e-06
8687 1e-06
8688 0
8689 1e-06
8690 1e-06
8691 0
8692 1e-06
8693 1e-06
8694 0
8695 1e-06
8696 1e-06
8697 1e-06
8698 0
8699 2e-06
8700 0
8701 0
8702 1e-06
8703 0
8704 0
8705 1e-06
8706 1e-06
8707 0
8708 2e-06
8709 0
8710 0
8711 1e-06
8712 0
8713 1e-06
8714 1e-06
8715 0
8716 0
8717 2e-06
8718 0
8719 0
8720 2e-06
8721 0
8722 1e-06
8723 1e-06
8724 0
8725 1e-06
8726 1e-06
8727 1e-06
8728 0
8729 1e-06
8730 1e-06
8731 0
8732 1e-06
8733 1e-06
8734 1e-06
8735 0
8736 1e-06
8737 0
8738 0
8739 2e-06
8740 0
8741 0
8742 1e-06
8743 0
8744 1e-06
8745 1e-06
8746 0
8747 0
8748 1e-06
8749 1e-06
8750 0
8751 1e-06
8752 0
8753 0
8754 2e-06
8755 0
8756 0
8757 1e-06
8758 0
8759 1e-06
8760 1e-06
8761 0
8762 0
8763 1e-06
8764 1e-06
8765 0
8766 1e-06
8767 0
8768 0
8769 1e-06
8770 1e-06
8771 1e-06
8772 0
8773 1e-06
8774 1e-06
8775 0
8776 2e-06
8777 0
8778 0
8779 1e-06
8780 0
8781 1e-06
8782 1e-06
8783 1e-06
8784 0
8785 0
8786 0
8787 0
8788 2e-06
8789 0
8790 1e-06
8791 0
8792 0
8793 1e-06
8794 1e-06
8795 1e-06
8796 0
8797 0
8798 0
8799 0
8800 1e-06
8801 0
8802 0
8803 1e-06
8804 0
8805 0
8806 1e-06
8807 1e-06
8808 0
8809 1e-06
8810 0
8811 0
8812 2e-06
8813 0
8814 0
8815 2e-06
8816 0
8817 1e-06
8818 0
8819 0
8820 1e-06
8821 1e-06
8822 1e-06
8823 0
8824 0
8825 0
8826 0
8827 2e-06
8828 0
8829 0
8830 1e-06
8831 0
8832 1e-06
8833 1e-06
8834 0
8835 0
8836 0
8837 1e-06
8838 0
8839 0
8840 1e-06
8841 0
8842 0
8843 0
8844 1e-06
8845 0
8846 0
8847 0
8848 1e-06
8849 1e-06
8850 0
8851 1e-06
8852 1e-06
8853 0
8854 1e-06
8855 0
8856 1e-06
8857 1e-06
8858 0
8859 1e-06
8860 0
8861 0
8862 2e-06
8863 0
8864 0
8865 2e-06
8866 0
8867 0
8868 1e-06
8869 0
8870 1e-06
8871 0
8872 0
8873 0
8874 0
8875 1e-06
8876 0
8877 0
8878 0
8879 0
8880 2e-06
8881 0
8882 0
8883 2e-06
8884 0
8885 1e-06
8886 0
8887 0
8888 1e-06
8889 0
8890 2e-06
8891 1e-06
8892 0
8893 1e-06
8894 1e-06
8895 0
8896 0
8897 1e-06
8898 1e-06
8899 0
8900 2e-06
8901 0
8902 0
8903 1e-06
8904 0
8905 1e-06
8906 0
8907 1e-06
8908 1e-06
8909 0
8910 1e-06
8911 0
8912 0
8913 2e-06
8914 0
8915 0
8916 2e-06
8917 0
8918 1e-06
8919 1e-06
8920 0
8921 1e-06
8922 1e-06
8923 0
8924 0
8925 1e-06
8926 1e-06
8927 0
8928 2e-06
8929 0
8930 0
8931 1e-06
8932 0
8933 2e-06
8934 0
8935 0
8936 0
8937 0
8938 1e-06
8939 1e-06
8940 2e-06
8941 0
8942 0
8943 0
8944 1e-06
8945 1e-06
8946 0
8947 1e-06
8948 1e-06
8949 0
8950 1e-06
8951 0
8952 0
8953 0
8954 0
8955 1e-06
8956 1e-06
8957 0
8958 1e-06
8959 1e-06
8960 0
8961 0
8962 0
8963 1e-06
8964 0
8965 0
8966 1e-06
8967 0
8968 0
8969 1e-06
8970 0
8971 0
8972 1e-06
8973 0
8974 0
8975 1e-06
8976 1e-06
8977 1e-06
8978 0
8979 1e-06
8980 1e-06
8981 1e-06
8982 0
8983 1e-06
8984 0
8985 2e-06
8986 1e-06
8987 1e-06
8988 0
8989 1e-06
8990 0
8991 0
8992 1e-06
8993 1e-06
8994 0
8995 1e-06
8996 1e-06
8997 1e-06
8998 1e-06
8999 1e-06
9000 1e-06
9001 0
9002 0
9003 2e-06
9004 0
9005 0
9006 1e-06
9007 0
9008 1e-06
9009 1e-06
9010 0
9011 1e-06
9012 0
9013 0
9014 1e-06
9015 0
9016 0
9017 0
9018 1e-06
9019 1e-06
9020 0
9021 1e-06
9022 1e-06
9023 0
9024 1e-06
9025 1e-06
9026 0
9027 1e-06
9028 1e-06
9029 0
9030 0
9031 2e-06
9032 0
9033 0
9034 0
9035 0
9036 1e-06
9037 0
9038 0
9039 2e-06
9040 0
9041 0
9042 2e-06
9043 0
9044 0
9045 2e-06
9046 1e-06
9047 1e-06
9048 0
9049 1e-06
9050 1e-06
9051 0
9052 0
9053 1e-06
9054 0
9055 1e-06
9056 1e-06
9057 0
9058 1e-06
9059 1e-06
9060 0
9061 1e-06
9062 1e-06
9063 0
9064 1e-06
9065 1e-06
9066 0
9067 0
9068 1e-06
9069 1e-06
9070 0
9071 1e-06
9072 1e-06
9073 0
9074 1e-06
9075 1e-06
9076 0
9077 1e-06
9078 1e-06
9079 0
9080 1e-06
9081 0
9082 0
9083 2e-06
9084 0
9085 0
9086 2e-06
9087 0
9088 0
9089 2e-06
9090 0
9091 0
9092 1e-06
9093 0
9094 0
9095 1e-06
9096 0
9097 1e-06
9098 1e-06
9099 0
9100 1e-06
9101 1e-06
9102 0
9103 1e-06
9104 0
9105 0
9106 1e-06
9107 0
9108 0
9109 1e-06
9110 0
9111 0
9112 0
9113 1e-06
9114 0
9115 0
9116 1e-06
9117 1e-06
9118 0
9119 1e-06
9120 1e-06
9121 0
9122 0
9123 1e-06
9124 0
9125 1e-06
9126 1e-06
9127 0
9128 1e-06
9129 1e-06
9130 0
9131 1e-06
9132 1e-06
9133 0
9134 1e-06
9135 1e-06
9136 0
9137 1e-06
9138 0
9139 0
9140 1e-06
9141 0
9142 0
9143 2e-06
9144 0
9145 0
9146 2e-06
9147 0
9148 0
9149 2e-06
9150 0
9151 0
9152 2e-06
9153 0
9154 0
9155 1e-06
9156 0
9157 1e-06
9158 1e-06
9159 1e-06
9160 0
9161 0
9162 1e-06
9163 0
9164 1e-06
9165 1e-06
9166 1e-06
9167 0
9168 1e-06
9169 0
9170 0
9171 2e-06
9172 0
9173 1e-06
9174 0
9175 0
9176 0
9177 1e-06
9178 1e-06
9179 0
9180 0
9181 1e-06
9182 1e-06
9183 0
9184 2e-06
9185 0
9186 0
9187 1e-06
9188 0
9189 1e-06
9190 0
9191 2e-06
9192 0
9193 0
9194 1e-06
9195 0
9196 1e-06
9197 0
9198 2e-06
9199 0
9200 0
9201 1e-06
9202 0
9203 1e-06
9204 0
9205 1e-06
9206 0
9207 0
9208 0
9209 0
9210 2e-06
9211 0
9212 1e-06
9213 0
9214 1e-06
9215 0
9216 0
9217 2e-06
9218 0
9219 0
9220 1e-06
9221 0
9222 1e-06
9223 0
9224 2e-06
9225 0
9226 0
9227 1e-06
9228 0
9229 0
9230 1e-06
9231 1e-06
9232 0
9233 1e-06
9234 1e-06
9235 0
9236 1e-06
9237 1e-06
9238 1e-06
9239 0
9240 1e-06
9241 1e-06
9242 0
9243 2e-06
9244 0
9245 0
9246 0
9247 0
9248 1e-06
9249 0
9250 0
9251 0
9252 1e-06
9253 1e-06
9254 0
9255 0
9256 0
9257 0
9258 2e-06
9259 0
9260 0
9261 1e-06
9262 0
9263 1e-06
9264 0
9265 1e-06
9266 0
9267 0
9268 0
9269 0
9270 1e-06
9271 0
9272 0
9273 0
9274 0
9275 1e-06
9276 0
9277 0
9278 0
9279 1e-06
9280 1e-06
9281 0
9282 0
9283 0
9284 0
9285 2e-06
9286 0
9287 0
9288 2e-06
9289 0
9290 1e-06
9291 0
9292 0
9293 0
9294 1e-06
9295 1e-06
9296 0
9297 0
9298 1e-06
9299 0
9300 1e-06
9301 1e-06
9302 0
9303 0
9304 1e-06
9305 1e-06
9306 0
9307 0
9308 1e-06
9309 0
9310 1e-06
9311 1e-06
9312 0
9313 1e-06
9314 1e-06
9315 0
9316 0
9317 1e-06
9318 1e-06
9319 0
9320 2e-06
9321 0
9322 0
9323 2e-06
9324 0
9325 0
9326 1e-06
9327 0
9328 1e-06
9329 0
9330 1e-06
9331 0
9332 0
9333 1e-06
9334 0
9335 0
9336 1e-06
9337 0
9338 1e-06
9339 1e-06
9340 0
9341 1e-06
9342 1e-06
9343 1e-06
9344 0
9345 1e-06
9346 0
9347 0
9348 2e-06
9349 0
9350 0
9351 1e-06
9352 1e-06
9353 0
9354 0
9355 1e-06
9356 1e-06
9357 0
9358 1e-06
9359 0
9360 0
9361 2e-06
9362 0
9363 0
9364 1e-06
9365 0
9366 1e-06
9367 0
9368 0
9369 0
9370 1e-06
9371 1e-06
9372 0
9373 1e-06
9374 0
9375 0
9376 2e-06
9377 0
9378 0
9379 1e-06
9380 0
9381 1e-06
9382 0
9383 0
9384 1e-06
9385 0
9386 1e-06
9387 0
9388 0
9389 1e-06
9390 0
9391 0
9392 1e-06
9393 0
9394 1e-06
9395 1e-06
9396 0
9397 1e-06
9398 1e-06
9399 1e-06
9400 0
9401 1e-06
9402 1e-06
9403 0
9404 1e-06
9405 0
9406 0
9407 1e-06
9408 0
9409 0
9410 1e-06
9411 0
9412 0
9413 0
9414 0
9415 1e-06
9416 0
9417 0
9418 1e-06
9419 0
9420 0
9421 0
9422 1e-06
9423 1e-06
9424 0
9425 1e-06
9426 1e-06
9427 0
9428 0
9429 0
9430 0
9431 2e-06
9432 0
9433 0
9434 2e-06
9435 0
9436 0
9437 1e-06
9438 0
9439 1e-06
9440 1e-06
9441 0
9442 1e-06
9443 0
9444 0
9445 0
9446 0
9447 1e-06
9448 0
9449 1e-06
9450 1e-06
9451 0
9452 0
9453 0
9454 0
9455 2e-06
9456 0
9457 0
9458 2e-06
9459 0
9460 0
9461 2e-06
9462 0
9463 0
9464 0
9465 0
9466 2e-06
9467 0
9468 0
9469 2e-06
9470 0
9471 0
9472 1e-06
9473 0
9474 1e-06
9475 1e-06
9476 0
9477 1e-06
9478 1e-06
9479 0
9480 1e-06
9481 0
9482 0
9483 0
9484 1e-06
9485 1e-06
9486 0
9487 0
9488 1e-06
9489 0
9490 0
9491 1e-06
9492 0
9493 1e-06
9494 0
9495 0
9496 2e-06
9497 0
9498 0
9499 2e-06
9500 0
9501 0
9502 2e-06
9503 0
9504 0
9505 2e-06
9506 0
9507 0
9508 1e-06
9509 0
9510 1e-06
9511 1e-06
9512 0
9513 1e-06
9514 1e-06
9515 0
9516 1e-06
9517 1e-06
9518 0
9519 0
9520 1e-06
9521 1e-06
9522 0
9523 1e-06
9524 1e-06
9525 0
9526 0
9527 1e-06
9528 0
9529 0
9530 1e-06
9531 0
9532 0
9533 0
9534 0
9535 1e-06
9536 0
9537 0
9538 2e-06
9539 0
9540 0
9541 2e-06
9542 0
9543 0
9544 2e-06
9545 0
9546 0
9547 1e-06
9548 0
9549 0
9550 0
9551 0
9552 2e-06
9553 0
9554 0
9555 2e-06
9556 0
9557 0
9558 2e-06
9559 0
9560 0
9561 2e-06
9562 0
9563 0
9564 2e-06
9565 0
9566 0
9567 1e-06
9568 0
9569 1e-06
9570 0
9571 0
9572 1e-06
9573 1e-06
9574 0
9575 1e-06
9576 0
9577 0
9578 1e-06
9579 1e-06
9580 0
9581 1e-06
9582 0
9583 0
9584 1e-06
9585 1e-06
9586 0
9587 1e-06
9588 0
9589 0
9590 0
9591 1e-06
9592 0
9593 0
9594 1e-06
9595 1e-06
9596 0
9597 1e-06
9598 1e-06
9599 0
9600 0
9601 1e-06
9602 0
9603 1e-06
9604 1e-06
9605 0
9606 1e-06
9607 1e-06
9608 0
9609 0
9610 1e-06
9611 0
9612 0
9613 1e-06
9614 0
9615 0
9616 0
9617 0
9618 1e-06
9619 0
9620 0
9621 1e-06
9622 0
9623 0
9624 1e-06
9625 0
9626 0
9627 1e-06
9628 0
9629 0
9630 2e-06
9631 0
9632 0
9633 1e-06
9634 0
9635 1e-06
9636 1e-06
9637 0
9638 0
9639 1e-06
9640 1e-06
9641 0
9642 2e-06
9643 0
9644 0
9645 0
9646 0
9647 1e-06
9648 0
9649 1e-06
9650 0
9651 1e-06
9652 0
9653 0
9654 1e-06
9655 1e-06
9656 0
9657 0
9658 1e-06
9659 1e-06
9660 0
9661 1e-06
9662 0
9663 0
9664 2e-06
9665 0
9666 1e-06
9667 1e-06
9668 0
9669 0
9670 1e-06
9671 1e-06
9672 0
9673 0
9674 0
9675 0
9676 1e-06
9677 1e-06
9678 1e-06
9679 0
9680 2e-06
9681 0
9682 0
9683 1e-06
9684 1e-06
9685 0
9686 0
9687 0
9688 0
9689 2e-06
9690 0
9691 1e-06
9692 0
9693 1e-06
9694 0
9695 1e-06
9696 1e-06
9697 0
9698 1e-06
9699 1e-06
9700 1e-06
9701 0
9702 0
9703 1e-06
9704 0
9705 1e-06
9706 1e-06
9707 0
9708 0
9709 1e-06
9710 1e-06
9711 0
9712 2e-06
9713 0
9714 0
9715 1e-06
9716 0
9717 1e-06
9718 1e-06
9719 1e-06
9720 0
9721 1e-06
9722 1e-06
9723 0
9724 1e-06
9725 0
9726 0
9727 0
9728 1e-06
9729 1e-06
9730 0
9731 0
9732 0
9733 0
9734 2e-06
9735 0
9736 1e-06
9737 0
9738 0
9739 0
9740 1e-06
9741 1e-06
9742 0
9743 1e-06
9744 1e-06
9745 0
9746 1e-06
9747 1e-06
9748 1e-06
9749 0
9750 1e-06
9751 0
9752 0
9753 2e-06
9754 0
9755 1e-06
9756 1e-06
9757 1e-06
9758 0
9759 0
9760 1e-06
9761 0
9762 0
9763 1e-06
9764 0
9765 1e-06
9766 1e-06
9767 1e-06
9768 0
9769 1e-06
9770 0
9771 0
9772 2e-06
9773 0
9774 0
9775 1e-06
9776 0
9777 1e-06
9778 1e-06
9779 2e-06
9780 0
9781 0
9782 1e-06
9783 0
9784 1e-06
9785 1e-06
9786 0
9787 0
9788 1e-06
9789 1e-06
9790 0
9791 0
9792 1e-06
9793 0
9794 1e-06
9795 0
9796 0
9797 1e-06
9798 1e-06
9799 1e-06
9800 0
9801 1e-06
9802 1e-06
9803 0
9804 1e-06
9805 1e-06
9806 0
9807 2e-06
9808 0
9809 0
9810 0
9811 0
9812 1e-06
9813 1e-06
9814 0
9815 1e-06
9816 0
9817 1e-06
9818 0
9819 0
9820 0
9821 0
9822 2e-06
9823 1e-06
9824 1e-06
9825 0
9826 0
9827 2e-06
9828 0
9829 0
9830 1e-06
9831 1e-06
9832 0
9833 1e-06
9834 0
9835 0
9836 2e-06
9837 0
9838 0
9839 0
9840 0
9841 1e-06
9842 1e-06
9843 0
9844 0
9845 0
9846 1e-06
9847 0
9848 0
9849 0
9850 0
9851 2e-06
9852 0
9853 0
9854 0
9855 0
9856 1e-06
9857 0
9858 1e-06
9859 0
9860 0
9861 2e-06
9862 0
9863 0
9864 2e-06
9865 0
9866 1e-06
9867 0
9868 1e-06
9869 0
9870 0
9871 1e-06
9872 0
9873 1e-06
9874 0
9875 1e-06
9876 1e-06
9877 0
9878 1e-06
9879 0
9880 0
9881 2e-06
9882 0
9883 0
9884 2e-06
9885 0
9886 0
9887 1e-06
9888 0
9889 1e-06
9890 1e-06
9891 0
9892 0
9893 1e-06
9894 1e-06
9895 0
9896 0
9897 2e-06
9898 0
9899 1e-06
9900 1e-06
9901 0
9902 1e-06
9903 1e-06
9904 0
9905 1e-06
9906 1e-06
9907 0
9908 0
9909 1e-06
9910 1e-06
9911 0
9912 1e-06
9913 1e-06
9914 0
9915 1e-06
9916 1e-06
9917 0
9918 2e-06
9919 0
9920 0
9921 2e-06
9922 0
9923 0
9924 0
9925 0
9926 1e-06
9927 0
9928 0
9929 1e-06
9930 0
9931 0
9932 1e-06
9933 1e-06
9934 0
9935 0
9936 1e-06
9937 1e-06
9938 0
9939 0
9940 1e-06
9941 0
9942 0
9943 1e-06
9944 0
9945 0
9946 0
9947 0
9948 2e-06
9949 0
9950 0
9951 2e-06
9952 0
9953 0
9954 2e-06
9955 0
9956 0
9957 2e-06
9958 0
9959 0
9960 2e-06
9961 0
9962 0
9963 0
9964 0
9965 1e-06
9966 0
9967 0
9968 2e-06
9969 0
9970 0
9971 2e-06
9972 0
9973 0
9974 2e-06
9975 0
9976 0
9977 2e-06
9978 0
9979 0
9980 1e-06
9981 0
9982 1e-06
9983 1e-06
9984 0
9985 1e-06
9986 1e-06
9987 0
9988 1e-06
9989 1e-06
9990 0
9991 1e-06
9992 1e-06
9993 0
9994 0
9995 1e-06
9996 1e-06
9997 0
9998 1e-06
9999 1e-06
