100 2.4e-05
200 7.9e-05
300 0.000171
400 0.000298
500 0.000459
600 0.0006
700 0.000736
800 0.00096
900 0.001219
1000 0.001499
1100 0.001696
1200 0.002024
1300 0.002344
1400 0.002728
1500 0.003167
1600 0.003431
1700 0.003798
1800 0.00407
1900 0.004477
2000 0.004906
2100 0.005321
2200 0.005832
2300 0.006182
2400 0.006276
2500 0.006799
2600 0.007372
2700 0.007965
2800 0.008608
2900 0.009193
3000 0.009822
3100 0.010517
3200 0.011203
3300 0.011906
3400 0.012402
3500 0.013083
3600 0.013809
3700 0.014609
3800 0.015403
3900 0.016224
4000 0.01716
4100 0.017503
4200 0.018393
4300 0.019298
4400 0.020198
4500 0.021127
4600 0.022226
4700 0.023099
4800 0.02408
4900 0.025236
5000 0.026134
5100 0.027234
5200 0.029156
5300 0.029929
5400 0.031398
5500 0.032449
5600 0.033641
5700 0.03399
5800 0.03538
5900 0.036619
6000 0.037716
6100 0.039622
6200 0.041751
6300 0.042876
6400 0.044166
6500 0.046909
6600 0.047446
6700 0.049435
6800 0.050758
6900 0.0514
7000 0.053303
7100 0.054506
7200 0.055501
7300 0.056203
7400 0.057675
7500 0.060466
7600 0.06248
7700 0.064085
7800 0.065961
7900 0.066011
8000 0.067728
8100 0.069365
8200 0.071692
8300 0.073811
8400 0.076649
8500 0.078248
8600 0.078208
8700 0.07991
8800 0.082169
8900 0.083998
9000 0.085906
9100 0.08864
9200 0.093595
9300 0.09379
9400 0.093916
9500 0.095658
9600 0.097709
9700 0.100892
9800 0.103443
9900 0.104334
10000 0.105417
10100 0.107989
10200 0.110215
10300 0.112405
10400 0.114477
10500 0.116688
10600 0.119353
10700 0.120871
10800 0.123395
10900 0.125901
11000 0.128122
11100 0.130285
11200 0.133428
11300 0.135217
11400 0.137874
11500 0.140198
11600 0.142684
11700 0.144793
11800 0.148698
11900 0.150173
12000 0.152309
12100 0.154891
12200 0.157952
12300 0.16
12400 0.163129
12500 0.16557
12600 0.17268
12700 0.175797
12800 0.180778
12900 0.181266
13000 0.179447
13100 0.182521
13200 0.18472
13300 0.188036
13400 0.190755
13500 0.193327
13600 0.196299
13700 0.199726
13800 0.202419
13900 0.20533
14000 0.207852
14100 0.21326
14200 0.215479
14300 0.218413
14400 0.228308
14500 0.224676
14600 0.232893
14700 0.229275
14800 0.233287
14900 0.235941
15000 0.241843
15100 0.247265
15200 0.248653
15300 0.251905
15400 0.256387
15500 0.258213
15600 0.264728
15700 0.264956
15800 0.271583
15900 0.273086
16000 0.276887
16100 0.278179
16200 0.284817
16300 0.286699
16400 0.292547
16500 0.295814
16600 0.296306
16700 0.302163
16800 0.306043
16900 0.311229
17000 0.308664
17100 0.311681
17200 0.31488
17300 0.326476
17400 0.333092
17500 0.342812
17600 0.345068
17700 0.345793
17800 0.34801
17900 0.353212
18000 0.357886
18100 0.362629
18200 0.366369
18300 0.370745
18400 0.374392
18500 0.378257
18600 0.380631
18700 0.380999
18800 0.376557
18900 0.381508
19000 0.391461
19100 0.390476
19200 0.392812
19300 0.396314
19400 0.401044
19500 0.405147
19600 0.409239
19700 0.413604
19800 0.417738
19900 0.421831
20000 0.425909
20100 0.430529
20200 0.434591
20300 0.439993
20400 0.443345
20500 0.448168
20600 0.452088
20700 0.456594
20800 0.460726
20900 0.465175
21000 0.470213
21100 0.474875
21200 0.480544
21300 0.485199
21400 0.488046
21500 0.492338
21600 0.497224
21700 0.501974
21800 0.50675
21900 0.511655
22000 0.516164
22100 0.520865
22200 0.525086
22300 0.530449
22400 0.536006
22500 0.539194
22600 0.544603
22700 0.549527
22800 0.553791
22900 0.57274
23000 0.570461
23100 0.569275
23200 0.575042
23300 0.587762
