100000 0.00546
200000 0.010486
300000 0.01621
400000 0.019681
500000 0.021869
600000 0.027047
700000 0.031909
800000 0.03598
900000 0.04005
1000000 0.044691
1100000 0.050452
1200000 0.054882
1300000 0.059828
1400000 0.064301
1500000 0.069841
1600000 0.074832
1700000 0.080102
1800000 0.083928
1900000 0.088664
2000000 0.091863
2100000 0.103317
2200000 0.110064
2300000 0.112974
2400000 0.115703
2500000 0.121699
2600000 0.128442
2700000 0.13202
2800000 0.134992
2900000 0.143574
3000000 0.148922
3100000 0.14936
3200000 0.154819
3300000 0.159648
3400000 0.163541
3500000 0.168778
3600000 0.17292
3700000 0.178489
3800000 0.182822
3900000 0.194179
4000000 0.196387
4100000 0.198482
4200000 0.213397
4300000 0.216732
4400000 0.222651
4500000 0.229828
4600000 0.232693
4700000 0.243331
4800000 0.242827
4900000 0.250382
5000000 0.252961
5100000 0.262931
5200000 0.262927
5300000 0.271439
5400000 0.274863
5500000 0.282062
5600000 0.285444
5700000 0.291023
5800000 0.298616
5900000 0.301808
6000000 0.307865
6100000 0.311985
6200000 0.317623
6300000 0.323021
6400000 0.326394
6500000 0.337947
6600000 0.339601
6700000 0.34186
6800000 0.349196
6900000 0.354012
7000000 0.358239
7100000 0.361657
7200000 0.36826
7300000 0.371659
7400000 0.376814
7500000 0.381017
7600000 0.385985
7700000 0.387691
7800000 0.393252
7900000 0.39797
8000000 0.402981
8100000 0.407733
8200000 0.413084
8300000 0.417921
8400000 0.441016
8500000 0.447803
8600000 0.451811
8700000 0.456542
8800000 0.463741
8900000 0.473431
9000000 0.472994
9100000 0.477264
9200000 0.483136
9300000 0.499116
9400000 0.506087
9500000 0.51536
9600000 0.517189
9700000 0.522952
9800000 0.52367
9900000 0.531421
10000000 0.541003
10100000 0.543305
10200000 0.553658
10300000 0.556159
10400000 0.558725
10500000 0.568568
10600000 0.574364
10700000 0.577714
10800000 0.586054
10900000 0.582873
11000000 0.591323
