100000 0.014967
200000 0.026571
300000 0.036367
400000 0.045411
500000 0.056195
600000 0.06547
700000 0.07625
800000 0.087187
900000 0.097951
1000000 0.109003
1100000 0.120021
1200000 0.130779
1300000 0.141818
1400000 0.153986
1500000 0.163673
1600000 0.174887
1700000 0.185821
1800000 0.196998
1900000 0.205925
2000000 0.218674
2100000 0.229765
2200000 0.240975
2300000 0.251312
2400000 0.270127
2500000 0.278806
2600000 0.287511
2700000 0.300885
2800000 0.309948
2900000 0.324234
3000000 0.333443
3100000 0.346112
3200000 0.354388
3300000 0.363275
3400000 0.371623
3500000 0.382086
3600000 0.393972
3700000 0.408502
3800000 0.43366
3900000 0.439569
4000000 0.448628
4100000 0.462686
4200000 0.47277
4300000 0.473507
4400000 0.486739
4500000 0.493329
4600000 0.503748
4700000 0.519886
4800000 0.524742
4900000 0.543438
5000000 0.555256
5100000 0.568521
5200000 0.585561
5300000 0.586252
5400000 0.609393
5500000 0.612848
5600000 0.61193
5700000 0.623777
5800000 0.634043
5900000 0.644992
6000000 0.65376
6100000 0.669249
6200000 0.678745
6300000 0.688841
6400000 0.699892
6500000 0.711995
6600000 0.722081
6700000 0.740332
6800000 0.750823
6900000 0.755674
7000000 0.780524
7100000 0.778937
7200000 0.787052
7300000 0.8228
7400000 0.830263
7500000 0.843497
7600000 0.855028
7700000 0.853021
7800000 0.852743
7900000 0.864905
8000000 0.882632
8100000 0.881688
8200000 0.907846
8300000 0.914625
8400000 0.930734
