100000 0.001617
1100000 0.014642
2100000 0.025466
3100000 0.033444
4100000 0.04301
5100000 0.053525
6100000 0.061498
7100000 0.07107
8100000 0.080697
9100000 0.090913
10100000 0.101287
11100000 0.111227
12100000 0.121036
13100000 0.132072
14100000 0.146075
15100000 0.155308
16100000 0.163695
17100000 0.174769
18100000 0.183467
19100000 0.195182
20100000 0.207133
21100000 0.213075
22100000 0.225594
23100000 0.234213
24100000 0.247821
25100000 0.256662
26100000 0.268379
27100000 0.271659
28100000 0.285862
29100000 0.297506
30100000 0.305407
31100000 0.314104
32100000 0.32796
33100000 0.334049
34100000 0.34176
35100000 0.351444
36100000 0.361252
37100000 0.385019
38100000 0.397288
39100000 0.408971
40100000 0.412041
41100000 0.427279
42100000 0.422314
43100000 0.431646
44100000 0.44797
45100000 0.452594
46100000 0.463264
47100000 0.475936
48100000 0.490325
49100000 0.493031
50100000 0.514745
51100000 0.534154
52100000 0.54298
53100000 0.556499
54100000 0.565082
55100000 0.56244
56100000 0.582863
57100000 0.596574
58100000 0.607483
59100000 0.615221
60100000 0.622776
61100000 0.630803
62100000 0.63041
63100000 0.630541
64100000 0.63846
65100000 0.650393
66100000 0.66235
67100000 0.67123
68100000 0.692271
69100000 0.708868
70100000 0.712363
71100000 0.759707
72100000 0.754767
73100000 0.770947
74100000 0.768475
75100000 0.781464
76100000 0.7944
77100000 0.802855
78100000 0.817599
79100000 0.829902
80100000 0.83111
81100000 0.846243
82100000 0.850142
83100000 0.851228
84100000 0.841929
85100000 0.851718
86100000 0.858882
87100000 0.866902
88100000 0.876184
89100000 0.905262
90100000 0.902817
91100000 0.921704
92100000 0.92924
